id x y phenotype1 envi phenotype2 
0 0.575877 0.825049 -0.779449 0.886128 -0.779449
1 0.453735 0.541486 1.0297 0.656269 1.0297
2 0.329485 0.165773 1.0112 0.617145 1.0112
3 0.424436 0.190325 -0.100464 0.936738 -0.100464
4 0.436292 0.198832 -0.44977 0.984125 -0.44977
5 0.975043 0.463939 -1.19276 -1.25988 -1.19276
6 0.0678446 0.151322 1.30186 -0.355231 1.30186
7 0.959556 0.384709 0.641281 -0.683539 0.641281
8 0.877001 0.528665 1.02324 -0.716735 1.02324
9 0.425645 0.218209 0.659127 0.984727 0.659127
10 0.344664 0.896015 0.366969 0.537555 0.366969
11 0.544429 0.012211 1.13849 0.69558 1.13849
12 0.97329 0.40361 1.3194 -0.857498 1.3194
13 0.685624 0.559533 0.883009 0.361192 0.883009
14 0.554933 0.827551 -0.133771 0.974513 -0.133771
15 0.202596 0.269315 -0.0578467 0.402978 -0.0578467
16 0.904048 0.270314 -0.457335 0.0223744 -0.457335
17 0.980674 0.38842 1.04791 -0.787318 1.04791
18 0.964521 0.46869 -0.905496 -1.22448 -0.905496
19 0.713016 0.215114 0.612842 0.172403 0.612842
20 0.425553 0.192498 1.08411 0.943421 1.08411
21 0.679296 0.566016 1.32816 0.38611 1.32816
22 0.0767487 0.168131 0.108938 -0.236528 0.108938
23 0.354386 0.0119331 -0.354442 0.410783 -0.354442
24 0.00392878 0.281856 0.574532 -0.0282751 0.574532
25 0.908421 0.31055 0.854451 -0.15936 0.854451
26 0.104556 0.00926587 -0.278474 -0.858785 -0.278474
27 0.360189 0.0104844 0.0191029 0.428098 0.0191029
28 0.141467 0.453326 -1.29286 -0.145637 -1.29286
29 0.960276 0.462611 -0.795696 -1.16064 -0.795696
30 0.114855 0.0164919 -0.226495 -0.763045 -0.226495
31 0.686655 0.557813 0.953876 0.356657 0.953876
32 0.0666074 0.139387 1.3848 -0.421782 1.3848
33 0.98886 0.676984 0.330256 -0.894529 0.330256
34 0.956473 0.463107 -0.355381 -1.14028 -0.355381
35 0.972079 0.465636 -1.19559 -1.25254 -1.19559
36 0.350363 0.885778 0.669361 0.507755 0.669361
37 0.572531 0.30217 -0.276553 0.832595 -0.276553
38 0.633833 0.577436 0.0928821 0.541042 0.0928821
39 0.379163 0.899996 1.40049 0.679748 1.40049
40 0.42833 0.202899 1.81594 0.967902 1.81594
41 0.353611 0.89872 0.571667 0.583649 0.571667
42 0.690119 0.569542 0.163163 0.355138 0.163163
43 0.725499 0.895865 0.329424 0.123197 0.329424
44 0.113355 0.522861 1.55829 -0.291925 1.55829
45 0.0889155 0.68106 0.651004 -0.446721 0.651004
46 0.442214 0.480843 -0.442294 0.605517 -0.442294
47 0.107272 0.729948 0.27381 -0.564293 0.27381
48 0.599253 0.359941 0.15508 0.666043 0.15508
49 0.489858 0.970183 0.574031 0.992592 0.574031
50 0.963241 0.463136 -1.08798 -1.18206 -1.08798
51 0.360308 0.899218 -0.534103 0.609852 -0.534103
52 0.345245 0.879835 0.855589 0.455736 0.855589
53 0.997302 0.9781 0.111467 -0.128449 0.111467
54 0.0360013 0.666927 1.32622 -0.292594 1.32622
55 0.350808 0.88884 0.637204 0.524744 0.637204
56 0.356396 0.913382 1.62849 0.662591 1.62849
57 0.269638 0.596649 0.249849 -0.466148 0.249849
58 0.031184 0.972339 0.0430511 -0.385854 0.0430511
59 0.962407 0.460501 -0.718513 -1.16072 -0.718513
60 0.907194 0.287761 -0.493408 -0.0560329 -0.493408
61 0.297176 0.959931 -0.403201 0.827371 -0.403201
62 0.598834 0.355324 0.393814 0.671765 0.393814
63 0.300386 0.964515 0.111217 0.863037 0.111217
64 0.164075 0.272363 0.663372 0.314726 0.663372
65 0.12476 0.00717578 0.963727 -0.741821 0.963727
66 0.971628 0.473236 -0.924501 -1.29867 -0.924501
67 0.364171 0.0139603 -0.572018 0.448006 -0.572018
68 0.993756 0.987909 -0.256926 -0.106871 -0.256926
69 0.0486106 0.988627 0.461817 -0.278505 0.461817
70 0.905196 0.525173 0.0837268 -0.919252 0.0837268
71 0.560979 0.00926021 0.14052 0.611178 0.14052
72 0.759853 0.898894 -0.231793 -0.0011917 -0.231793
73 0.870841 0.0588709 -0.0455336 -0.564957 -0.0455336
74 0.986803 0.977474 0.728602 -0.128737 0.728602
75 0.126848 0.0162435 0.864209 -0.690855 0.864209
76 0.123914 0.526255 1.19386 -0.298923 1.19386
77 0.968982 0.461119 -0.778369 -1.20454 -0.778369
78 0.907794 0.27885 0.828583 -0.0166139 0.828583
79 0.449801 0.492503 0.520199 0.612454 0.520199
80 0.0539926 0.67878 0.193519 -0.344871 0.193519
81 0.0614199 0.139806 1.22764 -0.440724 1.22764
82 0.51046 0.817247 -0.125676 1.18602 -0.125676
83 0.565478 0.00675495 -0.154666 0.585854 -0.154666
84 0.332642 0.169617 0.756641 0.633719 0.756641
85 0.166538 0.963546 0.428977 0.360355 0.428977
86 0.561521 0.828223 0.395877 0.944498 0.395877
87 0.97433 0.150903 0.319896 -0.372784 0.319896
88 0.897853 0.0398028 -0.907772 -0.713651 -0.907772
89 0.980645 0.394986 1.5686 -0.831316 1.5686
90 0.565242 0.0170742 1.72889 0.601354 1.72889
91 0.7616 0.764619 0.166039 0.170348 0.166039
92 0.029458 0.315248 0.311383 -0.0237202 0.311383
93 0.554861 0.00460391 -0.720512 0.63441 -0.720512
94 0.635469 0.576081 -0.862491 0.534243 -0.862491
95 0.742821 0.773441 0.496348 0.227116 0.496348
96 0.0296119 0.661421 1.28821 -0.275846 1.28821
97 0.865137 0.0485809 -0.0180576 -0.583986 -0.0180576
98 0.532406 0.863303 0.155952 1.01909 0.155952
99 0.038753 0.679853 0.475901 -0.301563 0.475901
100 0.161536 0.257387 0.822833 0.346091 0.822833
101 0.106749 0.000216999 -0.207354 -0.885959 -0.207354
102 0.962218 0.385253 0.319338 -0.696827 0.319338
103 0.0702034 0.156847 0.835773 -0.317819 0.835773
104 0.978339 0.493629 -0.601024 -1.47754 -0.601024
105 0.597334 0.299808 1.30505 0.727779 1.30505
106 0.323127 0.170635 0.593129 0.607695 0.593129
107 0.433051 0.318333 0.662828 0.911348 0.662828
108 0.910252 0.031972 -1.37818 -0.783808 -1.37818
109 0.206015 0.986186 0.0808506 0.74333 0.0808506
110 0.320165 0.155363 0.496141 0.569579 0.496141
111 0.962473 0.468804 -1.2248 -1.21224 -1.2248
112 0.302789 0.365927 -0.52144 0.374572 -0.52144
113 0.263035 0.962898 -0.764436 0.822107 -0.764436
114 0.176362 0.263727 0.799632 0.362321 0.799632
115 0.715417 0.218468 0.0418201 0.165836 0.0418201
116 0.979399 0.144754 1.04628 -0.411312 1.04628
117 0.867998 0.546081 0.400703 -0.617897 0.400703
118 0.450463 0.544837 -0.107738 0.642777 -0.107738
119 0.551337 0.0202591 1.45456 0.673205 1.45456
120 0.637807 0.585208 -0.177236 0.537247 -0.177236
121 0.444042 0.53123 0.182091 0.598642 0.182091
122 0.034291 0.662612 1.60978 -0.28784 1.60978
123 0.634137 0.583155 -0.320156 0.546769 -0.320156
124 0.328529 0.168705 0.548114 0.619893 0.548114
125 0.967444 0.475745 -0.597782 -1.28747 -0.597782
126 0.0405901 0.978097 0.716802 -0.330902 0.716802
127 0.410414 0.209867 0.956135 0.928545 0.956135
128 0.321816 0.171147 0.672234 0.604827 0.672234
129 0.352431 0.900891 0.299008 0.590019 0.299008
130 0.36129 0.891759 0.477096 0.579836 0.477096
131 0.966468 0.465331 -0.878684 -1.21569 -0.878684
132 0.32471 0.167827 0.481984 0.606976 0.481984
133 0.922575 0.265754 0.684963 0.0409147 0.684963
134 0.35114 0.894645 0.143566 0.554713 0.143566
135 0.978172 0.159667 0.988874 -0.331586 0.988874
136 0.426412 0.208812 0.519272 0.971887 0.519272
137 0.00724252 0.316066 0.946999 -0.063112 0.946999
138 0.575815 0.820149 0.520709 0.89382 0.520709
139 0.968196 0.458721 -1.13543 -1.18456 -1.13543
140 0.434165 0.311163 1.11533 0.929844 1.11533
141 0.968161 0.155883 0.616799 -0.33997 0.616799
142 0.632052 0.576433 -0.247495 0.545543 -0.247495
143 0.96581 0.459403 -1.21248 -1.17449 -1.21248
144 0.245228 0.589637 -1.20044 -0.559096 -1.20044
145 0.334508 0.176332 0.930569 0.651838 0.930569
146 0.128664 0.0107159 0.692101 -0.702695 0.692101
147 0.963836 0.468315 -0.930774 -1.21783 -0.930774
148 0.288233 0.380842 0.481274 0.282026 0.481274
149 0.967036 0.463688 -1.05223 -1.20887 -1.05223
150 0.427402 0.323661 -0.216167 0.882554 -0.216167
151 0.129181 0.00881978 0.255989 -0.707339 0.255989
152 0.878793 0.577957 1.43596 -0.615712 1.43596
153 0.933289 0.296701 0.685876 -0.122613 0.685876
154 0.308163 0.363741 0.560015 0.398745 0.560015
155 0.625647 0.586165 -0.645538 0.577943 -0.645538
156 0.86337 0.0526855 0.966936 -0.565121 0.966936
157 0.870463 0.0532734 0.744356 -0.583277 0.744356
158 0.352129 0.0127544 -0.296044 0.404533 -0.296044
159 0.447186 0.321014 0.0189669 0.949432 0.0189669
160 0.356135 0.880711 0.247766 0.50774 0.247766
161 0.999573 0.678972 0.55522 -0.935612 0.55522
162 0.96033 0.407069 1.28109 -0.822635 1.28109
163 0.0320505 0.97851 0.787107 -0.383465 0.787107
164 0.878573 0.0362034 0.968236 -0.667603 0.968236
165 0.55875 0.826599 0.708811 0.959161 0.708811
166 0.965165 0.455177 -1.06753 -1.14423 -1.06753
167 0.263849 0.604336 1.04244 -0.529886 1.04244
168 0.99009 0.97338 0.998793 -0.137723 0.998793
169 0.48573 0.981537 0.873593 0.980265 0.873593
170 0.223978 0.987533 -0.673094 0.871024 -0.673094
171 0.00300869 0.307399 1.1016 -0.0601946 1.1016
172 0.428256 0.197136 1.46289 0.95854 1.46289
173 0.861354 0.534683 0.917164 -0.597339 0.917164
174 0.762287 0.422697 0.817301 0.053242 0.817301
175 0.371523 0.892762 0.259483 0.623573 0.259483
176 0.968807 0.464901 -0.662561 -1.2275 -0.662561
177 0.467359 0.960596 0.822566 0.98313 0.822566
178 0.753863 0.877161 -0.790976 0.0370819 -0.790976
179 0.247208 0.593534 0.164124 -0.576285 0.164124
180 0.604787 0.301712 0.983537 0.69389 0.983537
181 0.44366 0.49181 0.638926 0.588861 0.638926
182 0.552668 0.815925 -0.348976 1.00216 -0.348976
183 0.356598 0.0101384 -0.705441 0.415125 -0.705441
184 0.290413 0.595054 0.60942 -0.328556 0.60942
185 0.75801 0.907639 1.01367 -0.0106246 1.01367
186 0.0131713 0.308373 0.0316784 -0.0432174 0.0316784
187 0.170099 0.439442 0.845119 -0.0928586 0.845119
188 0.00291142 0.312597 1.75607 -0.066487 1.75607
189 0.248579 0.587742 -0.880524 -0.556321 -0.880524
190 0.0372093 0.658485 0.418956 -0.294913 0.418956
191 0.181841 0.984567 0.868684 0.576127 0.868684
192 0.363186 0.0200498 -0.24688 0.455543 -0.24688
193 0.243045 0.592152 -0.00760815 -0.565491 -0.00760815
194 0.060361 0.172428 0.0835704 -0.272885 0.0835704
195 0.0427394 0.671912 -0.00447026 -0.311415 -0.00447026
196 0.934425 0.26372 1.12791 0.0508291 1.12791
197 0.242646 0.598394 -0.455867 -0.587853 -0.455867
198 0.719145 0.896188 0.314984 0.150568 0.314984
199 0.111495 0.52185 1.37973 -0.290246 1.37973
200 0.559979 0.809814 -0.425258 0.97924 -0.425258
201 0.9773 0.487667 -0.31658 -1.43075 -0.31658
202 0.964795 0.461551 -0.741044 -1.18174 -0.741044
203 0.913015 0.277457 -0.590331 -0.0126409 -0.590331
204 0.729962 0.157155 -0.246005 0.00699273 -0.246005
205 0.980337 0.87329 0.957081 -0.332821 0.957081
206 0.180779 0.990122 0.0264327 0.603898 0.0264327
207 0.755697 0.89053 0.276274 0.0156714 0.276274
208 0.966336 0.462914 -0.651493 -1.1997 -0.651493
209 0.970051 0.460176 -0.641571 -1.20502 -0.641571
210 0.650255 0.564938 -0.432621 0.475383 -0.432621
211 0.0557451 0.162779 0.524874 -0.340837 0.524874
212 0.269263 0.599192 1.41683 -0.477044 1.41683
213 0.962813 0.461853 -0.83728 -1.17152 -0.83728
214 0.0142646 0.307597 0.879581 -0.0402825 0.879581
215 0.429701 0.192787 0.509549 0.955779 0.509549
216 0.118644 0.0130625 1.09327 -0.754704 1.09327
217 0.433154 0.527246 0.373061 0.543612 0.373061
218 0.749414 0.88114 -0.464599 0.0399924 -0.464599
219 0.994967 0.143089 0.00384098 -0.441136 0.00384098
220 0.456469 0.323605 0.138822 0.973039 0.138822
221 0.886746 0.533722 1.27752 -0.771243 1.27752
222 0.987408 0.878941 -0.42271 -0.33284 -0.42271
223 0.115859 0.724357 -0.0951603 -0.588185 -0.0951603
224 0.446615 0.503646 0.500926 0.587394 0.500926
225 0.598237 0.305433 0.847821 0.718823 0.847821
226 0.00697112 0.293206 0.0980295 -0.0359316 0.0980295
227 0.0702894 0.184524 -0.12687 -0.175978 -0.12687
228 0.987133 0.69568 -0.0539109 -0.812916 -0.0539109
229 0.961005 0.465524 -1.16161 -1.18291 -1.16161
230 0.98363 0.146931 1.40527 -0.405327 1.40527
231 0.966004 0.466256 -0.190426 -1.2186 -0.190426
232 0.273732 0.386687 0.992764 0.214565 0.992764
233 0.355893 0.890629 0.31349 0.553563 0.31349
234 0.659287 0.569988 0.908133 0.452343 0.908133
235 0.133941 0.0144969 0.641737 -0.654612 0.641737
236 0.429766 0.354915 -0.0807349 0.823438 -0.0807349
237 0.989674 0.142106 0.386079 -0.439307 0.386079
238 0.109161 0.5267 0.624771 -0.296505 0.624771
239 0.966561 0.461111 -0.797676 -1.18976 -0.797676
240 0.979549 0.670122 -0.271057 -0.877936 -0.271057
241 0.967534 0.46156 -0.603005 -1.19851 -0.603005
242 0.360737 0.881732 0.381202 0.532402 0.381202
243 0.682504 0.555429 1.33016 0.367368 1.33016
244 0.970062 0.474012 -1.03838 -1.29351 -1.03838
245 0.0617584 0.160582 1.93687 -0.330188 1.93687
246 0.0345529 0.976831 1.59396 -0.367523 1.59396
247 0.965334 0.46575 -0.785709 -1.21126 -0.785709
248 0.352198 0.906378 1.75567 0.616023 1.75567
249 0.982868 0.89176 -0.194187 -0.300021 -0.194187
250 0.0103509 0.975233 0.290539 -0.512352 0.290539
251 0.554493 0.00838959 -0.0634696 0.641446 -0.0634696
252 0.0929949 0.73999 0.0332607 -0.521675 0.0332607
253 0.760785 0.892314 0.524624 0.00621524 0.524624
254 0.988114 0.985118 -0.291879 -0.112964 -0.291879
255 0.362404 0.888014 1.24319 0.56751 1.24319
256 0.342807 0.894264 0.911125 0.521428 0.911125
257 0.773015 0.431363 0.270782 -0.00218505 0.270782
258 0.108539 0.522604 1.12388 -0.290878 1.12388
259 0.600008 0.319315 1.24695 0.69899 1.24695
260 0.303822 0.591242 1.12916 -0.233558 1.12916
261 0.170766 0.267703 0.78053 0.340326 0.78053
262 0.456612 0.326326 1.05645 0.968114 1.05645
263 0.984959 0.882036 -0.635849 -0.322692 -0.635849
264 0.454412 0.325465 0.359923 0.962952 0.359923
265 0.45345 0.318749 0.179466 0.973324 0.179466
266 0.244686 0.583217 -0.739524 -0.534612 -0.739524
267 0.326265 0.166423 0.265519 0.608878 0.265519
268 0.126318 0.436875 0.519609 -0.119494 0.519609
269 0.889602 0.298182 -0.759357 -0.0836379 -0.759357
270 0.747801 0.879205 -0.585032 0.0499087 -0.585032
271 0.959796 0.470464 -0.636515 -1.2054 -0.636515
272 0.0807281 0.149783 0.814416 -0.312849 0.814416
273 0.59576 0.355712 -0.0364818 0.683285 -0.0364818
274 0.356354 0.0175254 -0.431359 0.427681 -0.431359
275 0.905315 0.039947 -0.186995 -0.735895 -0.186995
276 0.882786 0.0372393 0.0266913 -0.676946 0.0266913
277 0.968695 0.470036 -0.750169 -1.25941 -0.750169
278 0.279593 0.388003 -0.143388 0.230972 -0.143388
279 0.72851 0.202396 -0.424358 0.0799835 -0.424358
280 0.724853 0.216449 -0.278625 0.117925 -0.278625
281 0.438324 0.391364 -0.640479 0.775843 -0.640479
282 0.426257 0.19639 -0.804151 0.951646 -0.804151
283 0.898352 0.0361835 0.663798 -0.729361 0.663798
284 0.00986804 0.30641 -0.612276 -0.0466882 -0.612276
285 0.0430059 0.6892 0.867999 -0.315678 0.867999
286 0.444191 0.325987 1.4293 0.930001 1.4293
287 0.626218 0.562503 0.746762 0.547041 0.746762
288 0.300769 0.59766 1.13098 -0.269366 1.13098
289 0.116625 0.511895 0.592632 -0.276152 0.592632
290 0.963085 0.460242 -0.960396 -1.16323 -0.960396
291 0.127885 0.0135686 0.498087 -0.69565 0.498087
292 0.961103 0.881139 -0.218145 -0.287767 -0.218145
293 0.862614 0.535078 0.532926 -0.605038 0.532926
294 0.110831 0.52387 1.03846 -0.292951 1.03846
295 0.429933 0.20302 0.916087 0.972639 0.916087
296 0.969044 0.458089 -0.78271 -1.18564 -0.78271
297 0.412477 0.196221 1.31367 0.912009 1.31367
298 0.326495 0.16958 -0.0748986 0.615574 -0.0748986
299 0.629861 0.585541 -0.266161 0.56347 -0.266161
300 0.981167 0.155485 0.648946 -0.356925 0.648946
301 0.743648 0.9093 1.33388 0.0239301 1.33388
302 0.0685423 0.962064 -0.26007 -0.178634 -0.26007
303 0.11391 0.516336 0.313965 -0.282645 0.313965
304 0.0252189 0.668916 -0.207257 -0.263863 -0.207257
305 0.874252 0.544489 1.15344 -0.662625 1.15344
306 0.209418 0.266403 0.286497 0.425513 0.286497
307 0.441714 0.386324 -0.421292 0.798068 -0.421292
308 0.318698 0.168148 0.599689 0.589884 0.599689
309 0.9662 0.467202 -0.785118 -1.22576 -0.785118
310 0.97123 0.46275 -0.931601 -1.22871 -0.931601
311 0.031817 0.303071 0.262626 -0.00249479 0.262626
312 0.961893 0.461447 -0.86104 -1.1634 -0.86104
313 0.241113 0.591464 -0.496039 -0.560385 -0.496039
314 0.438494 0.203489 -0.173511 0.997644 -0.173511
315 0.758396 0.77633 -0.137361 0.165131 -0.137361
316 0.969437 0.460155 -1.14323 -1.20116 -1.14323
317 0.0313161 0.314662 0.230316 -0.0196854 0.230316
318 0.0173561 0.304526 0.468683 -0.0307806 0.468683
319 0.440346 0.493236 -0.0922012 0.572428 -0.0922012
320 0.345822 0.892978 0.0636382 0.526147 0.0636382
321 0.265184 0.582474 -0.035026 -0.44597 -0.035026
322 0.978117 0.389129 0.917514 -0.78219 0.917514
323 0.904815 0.291872 0.180274 -0.0722695 0.180274
324 0.18511 0.973601 -0.0119851 0.526722 -0.0119851
325 0.0646106 0.148971 1.23058 -0.380015 1.23058
326 0.129632 0.444398 0.0013902 -0.133468 0.0013902
327 0.115434 0.73209 -0.063811 -0.597938 -0.063811
328 0.963914 0.459875 -1.17256 -1.16598 -1.17256
329 0.0954507 0.735913 0.19412 -0.526741 0.19412
330 0.0272589 0.317516 0.86707 -0.0306321 0.86707
331 0.75321 0.794598 -0.379398 0.155295 -0.379398
332 0.535374 0.868635 1.07272 0.997928 1.07272
333 0.767005 0.414096 0.792825 0.0313133 0.792825
334 0.98238 0.983042 0.380879 -0.11716 0.380879
335 0.268302 0.586436 0.543909 -0.440367 0.543909
336 0.571542 0.831491 1.33239 0.895447 1.33239
337 0.368025 0.0112219 -0.105775 0.45635 -0.105775
338 0.870144 0.0608254 0.519613 -0.556295 0.519613
339 0.0276878 0.67913 0.00704519 -0.269853 0.00704519
340 0.345429 0.889146 0.205592 0.504786 0.205592
341 0.44389 0.50605 0.799097 0.577856 0.799097
342 0.18264 0.98664 0.182485 0.594339 0.182485
343 0.573355 0.831248 0.42466 0.887837 0.42466
344 0.119923 0.516512 1.05454 -0.283111 1.05454
345 0.435069 0.319652 0.750486 0.914797 0.750486
346 0.988525 0.985323 0.0686783 -0.112533 0.0686783
347 0.164367 0.270807 1.05931 0.319169 1.05931
348 0.270326 0.135904 -0.671215 0.380299 -0.671215
349 0.0219457 0.660327 1.36721 -0.256474 1.36721
350 0.28325 0.386529 0.827541 0.248053 0.827541
351 0.975424 0.872949 -0.333089 -0.325325 -0.333089
352 0.923507 0.27606 1.0153 -0.0102502 1.0153
353 0.517852 0.865099 0.73688 1.08026 0.73688
354 0.947644 0.736058 -0.0318185 -0.50748 -0.0318185
355 0.54157 0.0240718 -0.91966 0.725828 -0.91966
356 0.730667 0.898674 0.225261 0.096415 0.225261
357 0.963212 0.840841 1.17871 -0.359934 1.17871
358 0.1056 0.180166 0.00708901 -0.0780817 0.00708901
359 0.126068 0.0119742 0.987565 -0.713519 0.987565
360 0.566937 0.808791 1.05544 0.950136 1.05544
361 0.553556 0.833975 -1.05284 0.970807 -1.05284
362 0.762627 0.773557 -0.254297 0.155553 -0.254297
363 0.250629 0.595157 -0.480615 -0.582265 -0.480615
364 0.734093 0.888547 -0.404304 0.0963005 -0.404304
365 0.96982 0.688728 1.38381 -0.763733 1.38381
366 0.998249 0.139476 -0.493826 -0.465695 -0.493826
367 0.455919 0.541844 0.462417 0.667794 0.462417
368 0.98454 0.983861 1.07887 -0.115546 1.07887
369 0.104302 0.179675 0.181308 -0.0847341 0.181308
370 0.755171 0.886705 1.16173 0.0217239 1.16173
371 0.686416 0.559722 0.976993 0.358914 0.976993
372 0.912234 0.29526 -0.643886 -0.0943901 -0.643886
373 0.604604 0.297853 1.38352 0.697933 1.38352
374 0.035824 0.976675 0.165981 -0.359755 0.165981
375 0.372057 0.906237 1.50684 0.679851 1.50684
376 0.359527 0.886014 0.422954 0.546748 0.422954
377 0.245653 0.585935 -1.13209 -0.545879 -1.13209
378 0.606234 0.315284 1.04209 0.676386 1.04209
379 0.287553 0.36599 0.701188 0.323336 0.701188
380 0.3538 0.881603 -0.59237 0.501856 -0.59237
381 0.300799 0.359273 -0.0691523 0.386956 -0.0691523
382 0.118191 0.00753017 -0.390083 -0.781407 -0.390083
383 0.633555 0.577596 0.0607364 0.542118 0.0607364
384 0.442573 0.328739 0.227192 0.919296 0.227192
385 0.755338 0.767822 -0.210461 0.186423 -0.210461
386 0.166295 0.943429 0.770056 0.246827 0.770056
387 0.921369 0.271019 1.37699 0.0152426 1.37699
388 0.948134 0.692937 0.970748 -0.653715 0.970748
389 0.126929 0.021579 0.744238 -0.668065 0.744238
390 0.969721 0.46296 -0.514447 -1.22078 -0.514447
391 0.340427 0.900446 -0.0177852 0.545831 -0.0177852
392 0.0157966 0.307797 0.94207 -0.0377965 0.94207
393 0.854885 0.539111 1.54219 -0.545048 1.54219
394 0.885952 0.0412186 0.518658 -0.671985 0.518658
395 0.169027 0.259713 0.990233 0.356678 0.990233
396 0.980337 0.69656 -0.824948 -0.780196 -0.824948
397 0.883494 0.0449534 -0.41809 -0.650803 -0.41809
398 0.72687 0.871384 -1.14314 0.153254 -1.14314
399 0.25402 0.590869 -0.829819 -0.544803 -0.829819
400 0.959572 0.472108 -0.755093 -1.21395 -0.755093
401 0.907316 0.0369828 -0.861275 -0.754068 -0.861275
402 0.454263 0.534185 0.796284 0.651356 0.796284
403 0.117018 0.00596945 -0.253236 -0.795523 -0.253236
404 0.666913 0.542029 0.339228 0.402164 0.339228
405 0.973769 0.465745 -0.618993 -1.26376 -0.618993
406 0.962432 0.690077 1.68139 -0.726244 1.68139
407 0.248517 0.593422 -0.254825 -0.577659 -0.254825
408 0.104467 0.703699 1.81762 -0.520448 1.81762
409 0.979652 0.14901 0.995251 -0.389257 0.995251
410 0.758415 0.78693 -0.411882 0.150852 -0.411882
411 0.96715 0.476609 -0.749422 -1.291 -0.749422
412 0.737402 0.87915 -0.612417 0.0956109 -0.612417
413 0.347723 0.891644 1.15052 0.526636 1.15052
414 0.353426 0.010571 -0.118735 0.405003 -0.118735
415 0.858548 0.539025 0.167203 -0.569728 0.167203
416 0.345327 0.890052 0.835413 0.509075 0.835413
417 0.0130366 0.313081 1.25302 -0.0493789 1.25302
418 0.844744 0.547576 -1.09451 -0.462114 -1.09451
419 0.395482 0.472328 0.123648 0.438044 0.123648
420 0.963533 0.468639 -1.02438 -1.21792 -1.02438
421 0.14185 0.448424 -0.317976 -0.134181 -0.317976
422 0.032212 0.684669 -0.09404 -0.282875 -0.09404
423 0.954398 0.851334 0.432041 -0.324496 0.432041
424 0.773259 0.455317 0.971139 -0.0114179 0.971139
425 0.998241 0.154553 0.700701 -0.381724 0.700701
426 0.0236166 0.664872 1.47039 -0.260103 1.47039
427 0.963547 0.459252 -1.28497 -1.1599 -1.28497
428 0.980466 0.881247 -0.500294 -0.317382 -0.500294
429 0.733947 0.208377 -0.299794 0.0627796 -0.299794
430 0.58977 0.335761 0.187222 0.725731 0.187222
431 0.987886 0.429365 -1.02107 -1.09922 -1.02107
432 0.460464 0.535023 0.965528 0.682899 0.965528
433 0.24624 0.60118 -0.967065 -0.603479 -0.967065
434 0.245148 0.587206 -0.128284 -0.549968 -0.128284
435 0.743353 0.925231 1.65578 0.00182059 1.65578
436 0.125183 0.0050516 1.16991 -0.748107 1.16991
437 0.420826 0.200591 1.49995 0.942901 1.49995
438 0.960191 0.468195 -0.67768 -1.19411 -0.67768
439 0.759298 0.777444 0.095038 0.160852 0.095038
440 0.572299 0.817214 0.196903 0.91375 0.196903
441 0.496887 0.96605 -0.808018 1.00168 -0.808018
442 0.360293 0.0103378 -0.215577 0.428194 -0.215577
443 0.359895 0.880123 0.169317 0.521447 0.169317
444 0.279223 0.395162 0.407694 0.208306 0.407694
445 0.268031 0.958361 -0.335096 0.787275 -0.335096
446 0.266425 0.387081 1.41253 0.18801 1.41253
447 0.990076 0.14764 0.654484 -0.409787 0.654484
448 0.764943 0.418357 0.940589 0.0405521 0.940589
449 0.563315 0.817582 0.255156 0.952752 0.255156
450 0.0179379 0.963387 0.459764 -0.454104 0.459764
451 0.879056 0.0389341 1.39811 -0.659278 1.39811
452 0.90253 0.0322327 -0.625433 -0.758148 -0.625433
453 0.966211 0.45664 -0.777616 -1.15958 -0.777616
454 0.2784 0.373549 0.763037 0.270057 0.763037
455 0.0430307 0.994221 0.723171 -0.315064 0.723171
456 0.44458 0.389673 0.140145 0.801167 0.140145
457 0.737846 0.88937 -0.242411 0.0786372 -0.242411
458 0.97337 0.458813 -1.14992 -1.21627 -1.14992
459 0.560367 0.016677 -0.205377 0.624449 -0.205377
460 0.253263 0.590901 -0.990409 -0.54966 -0.990409
461 0.914023 0.029467 -0.346538 -0.806295 -0.346538
462 0.249393 0.592934 -0.550874 -0.577009 -0.550874
463 0.885012 0.0401324 0.779496 -0.67315 0.779496
464 0.98209 0.392884 1.32758 -0.822952 1.32758
465 0.091529 0.686593 -0.110169 -0.460066 -0.110169
466 0.161051 0.268042 1.18075 0.319012 1.18075
467 0.982153 0.14303 1.40825 -0.424111 1.40825
468 0.00534248 0.313321 0.892141 -0.0630998 0.892141
469 0.960119 0.700759 -0.0707678 -0.678345 -0.0707678
470 0.730381 0.897734 0.775034 0.0990513 0.775034
471 0.755578 0.770466 0.210575 0.181987 0.210575
472 0.607873 0.297635 0.241709 0.683896 0.241709
473 0.746272 0.191451 0.281011 -0.0208361 0.281011
474 0.872835 0.0505445 0.289574 -0.59955 0.289574
475 0.336033 0.900828 0.310807 0.532583 0.310807
476 0.946459 0.734202 0.604658 -0.509258 0.604658
477 0.355714 0.89703 0.0596653 0.583165 0.0596653
478 0.911361 0.310118 0.996178 -0.161645 0.996178
479 0.444839 0.536435 0.639287 0.606774 0.639287
480 0.388241 0.903376 1.05767 0.722926 1.05767
481 0.151917 0.441793 -0.1928 -0.111796 -0.1928
482 0.0835667 0.15972 0.965466 -0.253133 0.965466
483 0.992473 0.147474 -0.408827 -0.41376 -0.408827
484 0.170941 0.956144 1.01343 0.341671 1.01343
485 0.353914 0.894125 1.10527 0.562619 1.10527
486 0.242968 0.590495 -0.353688 -0.559303 -0.353688
487 0.665836 0.566675 0.418868 0.428638 0.418868
488 0.55259 0.814829 -0.233516 1.00417 -0.233516
489 0.760352 0.76971 0.838005 0.167753 0.838005
490 0.694369 0.569619 1.17155 0.341859 1.17155
491 0.144557 0.45197 0.0609699 -0.140576 0.0609699
492 0.351066 0.887627 0.14696 0.519787 0.14696
493 0.483923 0.952868 0.387852 1.00428 0.387852
494 0.764342 0.420981 0.541513 0.0432664 0.541513
495 0.127339 0.0280674 0.498999 -0.63853 0.498999
496 0.418604 0.203246 0.62472 0.940883 0.62472
497 0.984272 0.989141 0.636854 -0.104857 0.636854
498 0.766643 0.778182 0.60745 0.13729 0.60745
499 0.72984 0.924144 0.94647 0.0625325 0.94647
500 0.978675 0.682458 -0.143213 -0.826798 -0.143213
501 0.964986 0.459312 -0.904291 -1.16895 -0.904291
502 0.959615 0.385787 0.74963 -0.6903 0.74963
503 0.140291 0.450193 -0.712272 -0.139242 -0.712272
504 0.491804 0.970445 0.354639 0.993197 0.354639
505 0.962507 0.470265 -0.884946 -1.22146 -0.884946
506 0.86651 0.0452021 1.21794 -0.599451 1.21794
507 0.972697 0.152314 1.38222 -0.363524 1.38222
508 0.995807 0.973123 0.212159 -0.139236 0.212159
509 0.437866 0.497436 0.568063 0.553578 0.568063
510 0.96902 0.462265 -0.687807 -1.21205 -0.687807
511 0.76989 0.788631 0.211882 0.115076 0.211882
512 0.956231 0.847744 0.785791 -0.333901 0.785791
513 0.355336 0.898672 0.416815 0.589587 0.416815
514 0.333931 0.172865 0.797661 0.643627 0.797661
515 0.358321 0.899284 0.418025 0.603097 0.418025
516 0.0206968 0.289943 0.347376 -0.00548093 0.347376
517 0.114515 0.749897 0.186459 -0.620204 0.186459
518 0.718321 0.215818 1.25032 0.148144 1.25032
519 0.0318795 0.981351 1.166 -0.385785 1.166
520 0.876925 0.0414157 1.25008 -0.64388 1.25008
521 0.328134 0.899286 -0.385053 0.495915 -0.385053
522 0.985094 0.146288 0.311319 -0.410654 0.311319
523 0.163025 0.270655 1.01246 0.316748 1.01246
524 0.894829 0.0367129 0.831659 -0.716328 0.831659
525 0.735302 0.914402 1.73057 0.0529665 1.73057
526 0.558945 0.000811803 -0.187214 0.609317 -0.187214
527 0.982531 0.485958 -0.0345284 -1.45528 -0.0345284
528 0.882674 0.574211 1.20948 -0.648227 1.20948
529 0.00687354 0.305238 -0.785295 -0.0506598 -0.785295
530 0.75543 0.768929 0.114532 0.184588 0.114532
531 0.883842 0.531076 -0.19426 -0.757862 -0.19426
532 0.351141 0.888577 0.748521 0.524781 0.748521
533 0.968395 0.463895 -1.14463 -1.21856 -1.14463
534 0.299599 0.363531 -0.548919 0.370758 -0.548919
535 0.962313 0.46199 -1.17018 -1.16931 -1.17018
536 0.996058 0.993076 -0.202008 -0.0953884 -0.202008
537 0.858696 0.0444582 -0.0276156 -0.578673 -0.0276156
538 0.282019 0.396771 1.01904 0.213362 1.01904
539 0.759447 0.763477 -0.0314527 0.178916 -0.0314527
540 0.730926 0.922916 1.03655 0.05959 1.03655
541 0.895579 0.263679 0.175899 0.0513695 0.175899
542 0.717327 0.214954 -0.464071 0.151621 -0.464071
543 0.985514 0.46245 -0.669568 -1.31429 -0.669568
544 0.765245 0.765746 0.0606608 0.157005 0.0606608
545 0.0795927 0.165086 0.222095 -0.241385 0.222095
546 0.00206575 0.312872 1.17023 -0.0682881 1.17023
547 0.765042 0.764727 0.0387103 0.158934 0.0387103
548 0.424722 0.216105 1.65594 0.978789 1.65594
549 0.855513 0.0478818 -0.482041 -0.558185 -0.482041
550 0.118071 0.00959965 -0.617564 -0.773212 -0.617564
551 0.965332 0.459997 -0.886782 -1.17532 -0.886782
552 0.274084 0.393616 -0.0683947 0.194889 -0.0683947
553 0.318633 0.169548 -0.248778 0.592396 -0.248778
554 0.339885 0.887827 0.545831 0.475508 0.545831
555 0.753968 0.876654 -1.14698 0.0376284 -1.14698
556 0.418853 0.20343 1.87763 0.941885 1.87763
557 0.1116 0.0190465 0.330805 -0.771598 0.330805
558 0.028168 0.681624 -0.578809 -0.271093 -0.578809
559 0.964341 0.459213 -0.774022 -1.16445 -0.774022
560 0.956413 0.687369 0.622553 -0.709154 0.622553
561 0.336356 0.896838 0.393447 0.511462 0.393447
562 0.991438 0.6675 -0.504341 -0.944377 -0.504341
563 0.981983 0.985579 0.270894 -0.112103 0.270894
564 0.354667 0.0210127 -0.184316 0.428259 -0.184316
565 0.126251 0.00312343 1.41727 -0.749465 1.41727
566 0.442778 0.385467 0.667482 0.803516 0.667482
567 0.423638 0.204674 -1.03788 0.957438 -1.03788
568 0.442084 0.32026 1.62178 0.935197 1.62178
569 0.640986 0.571301 -0.540037 0.511309 -0.540037
570 0.104628 0.524 0.912443 -0.292104 0.912443
571 0.983654 0.992455 -0.494853 -0.0982224 -0.494853
572 0.413195 0.193378 1.62143 0.909411 1.62143
573 0.551206 0.818348 -0.487247 1.00491 -0.487247
574 0.327515 0.175676 0.795236 0.630177 0.795236
575 0.188569 0.974451 -0.0971731 0.552835 -0.0971731
576 0.967969 0.463471 -1.55077 -1.21325 -1.55077
577 0.180797 0.263022 0.878647 0.37365 0.878647
578 0.607244 0.313145 0.350365 0.673897 0.350365
579 0.0418687 0.972748 0.85299 -0.323069 0.85299
580 0.358801 0.900248 0.624104 0.609233 0.624104
581 0.97475 0.463142 -0.858981 -1.25286 -0.858981
582 0.330599 0.169258 0.315548 0.627033 0.315548
583 0.555699 0.0155752 -0.229541 0.64556 -0.229541
584 0.976599 0.677698 0.634798 -0.835418 0.634798
585 0.111316 0.71794 0.297117 -0.562726 0.297117
586 0.979816 0.157342 0.804257 -0.345602 0.804257
587 0.986486 0.142506 1.36275 -0.432794 1.36275
588 0.987741 0.424381 -0.902601 -1.06392 -0.902601
589 0.461498 0.535378 0.447999 0.688444 0.447999
590 0.962399 0.463807 -0.84486 -1.18102 -0.84486
591 0.969516 0.465125 -1.10216 -1.23333 -1.10216
592 0.985399 0.156762 1.11098 -0.354946 1.11098
593 0.976316 0.972335 0.958782 -0.137428 0.958782
594 0.946026 0.687377 0.970918 -0.662969 0.970918
595 0.967961 0.466594 -0.980789 -1.23296 -0.980789
596 0.362312 0.0150964 0.102791 0.443675 0.102791
597 0.564127 0.00805165 -0.166154 0.594216 -0.166154
598 0.020994 0.317778 1.84904 -0.0416939 1.84904
599 0.967078 0.465662 -1.05008 -1.22156 -1.05008
600 0.0330167 0.300874 -0.0539774 0.00281031 -0.0539774
601 0.04954 0.97815 1.0835 -0.275985 1.0835
602 0.52697 0.863557 0.256723 1.04258 0.256723
603 0.764648 0.769354 -0.0470833 0.154446 -0.0470833
604 0.104983 0.0053509 -0.447637 -0.873903 -0.447637
605 0.239731 0.593223 -0.207129 -0.564902 -0.207129
606 0.962535 0.468575 -0.869158 -1.21123 -0.869158
607 0.562369 0.820219 1.22175 0.952918 1.22175
608 0.980296 0.397933 1.2519 -0.84966 1.2519
609 0.131757 0.0132927 0.419467 -0.672952 0.419467
610 0.965325 0.471607 -0.583762 -1.24778 -0.583762
611 0.162037 0.258212 0.96084 0.34517 0.96084
612 0.323876 0.153304 -0.925681 0.576713 -0.925681
613 0.094295 0.728931 -0.129287 -0.51466 -0.129287
614 0.267792 0.143746 -0.0970337 0.388972 -0.0970337
615 0.985639 0.485559 -0.173833 -1.47383 -0.173833
616 0.171625 0.266584 0.766524 0.344965 0.766524
617 0.973829 0.388912 1.4572 -0.764182 1.4572
618 0.0205297 0.666732 1.19915 -0.251702 1.19915
619 0.75905 0.424083 0.748579 0.0692552 0.748579
620 0.173214 0.264635 1.15786 0.35328 1.15786
621 0.323423 0.160389 0.245506 0.588933 0.245506
622 0.110303 0.730509 0.121713 -0.576396 0.121713
623 0.0406007 0.675907 -0.686373 -0.306223 -0.686373
624 0.0161646 0.318281 1.94627 -0.0505893 1.94627
625 0.324953 0.166968 0.476374 0.606049 0.476374
626 0.865261 0.0608672 1.68229 -0.542913 1.68229
627 0.463713 0.950261 0.303118 0.979463 0.303118
628 0.0748841 0.165332 0.464411 -0.257347 0.464411
629 0.631703 0.585628 0.104033 0.557581 0.104033
630 0.964568 0.463534 -0.824174 -1.1927 -0.824174
631 0.87737 0.0323171 1.07377 -0.677734 1.07377
632 0.861734 0.549874 0.0904691 -0.568912 0.0904691
633 0.129341 0.00924454 0.258569 -0.704584 0.258569
634 0.970441 0.46263 -0.809966 -1.22309 -0.809966
635 0.992136 0.672378 0.173437 -0.928096 0.173437
636 0.359708 0.889534 -0.175246 0.563551 -0.175246
637 0.122758 0.00984742 -0.446697 -0.743007 -0.446697
638 0.911948 0.30034 0.177653 -0.11749 0.177653
639 0.244351 0.595058 -0.753052 -0.578001 -0.753052
640 0.601557 0.311817 0.158737 0.699049 0.158737
641 0.0928496 0.686583 -0.122625 -0.463999 -0.122625
642 0.352497 0.880807 0.298495 0.492351 0.298495
643 0.243441 0.589991 0.497496 -0.558071 0.497496
644 0.725858 0.920782 1.17481 0.0849095 1.17481
645 0.723703 0.145283 -0.397744 0.0196779 -0.397744
646 0.671507 0.541152 0.780806 0.387852 0.780806
647 0.250088 0.592024 -0.217288 -0.573825 -0.217288
648 0.273479 0.39192 0.531842 0.19789 0.531842
649 0.201364 0.980016 -0.695344 0.669017 -0.695344
650 0.752337 0.879715 -0.842544 0.0358654 -0.842544
651 0.857244 0.542304 -0.00634025 -0.554536 -0.00634025
652 0.979839 0.97859 1.19243 -0.125822 1.19243
653 0.986035 0.989058 0.381948 -0.104904 0.381948
654 0.966888 0.462048 -0.670556 -1.19764 -0.670556
655 0.863739 0.0710097 -0.183471 -0.504837 -0.183471
656 0.551604 0.000432626 1.20351 0.64445 1.20351
657 0.271963 0.586979 1.09894 -0.419583 1.09894
658 0.882479 0.0374079 0.096192 -0.675377 0.096192
659 0.894403 0.0237322 1.12168 -0.76503 1.12168
660 0.359797 0.893346 -0.0800841 0.581274 -0.0800841
661 0.969808 0.466109 -0.919462 -1.24142 -0.919462
662 0.552336 0.833144 -1.42479 0.977436 -1.42479
663 0.752562 0.771289 0.304012 0.190433 0.304012
664 0.0502818 0.669544 1.14183 -0.331238 1.14183
665 0.992807 0.694907 -0.363276 -0.840528 -0.363276
666 0.0656766 0.143186 1.63564 -0.405861 1.63564
667 0.924478 0.260786 1.01038 0.0655589 1.01038
668 0.0291681 0.983219 0.304918 -0.403871 0.304918
669 0.43874 0.318528 1.04058 0.928459 1.04058
670 0.110475 0.517067 0.387691 -0.283538 0.387691
671 0.0948966 0.733767 -0.178243 -0.522241 -0.178243
672 0.240817 0.598797 -0.454041 -0.586653 -0.454041
673 0.562947 0.819278 1.4564 0.951797 1.4564
674 0.968716 0.456356 -0.844211 -1.17267 -0.844211
675 0.890509 0.0232587 0.497889 -0.753876 0.497889
676 0.693686 0.564588 1.17283 0.340243 1.17283
677 0.115508 0.723259 -0.273958 -0.585304 -0.273958
678 0.122391 0.00714238 0.89672 -0.75679 0.89672
679 0.12002 0.0258872 -0.0100824 -0.691182 -0.0100824
680 0.574438 0.297114 -0.20021 0.829923 -0.20021
681 0.244476 0.597074 -0.333639 -0.585634 -0.333639
682 0.104669 0.00406246 -0.552647 -0.881738 -0.552647
683 0.320295 0.159934 0.560105 0.578768 0.560105
684 0.967413 0.467807 -0.857605 -1.23719 -0.857605
685 0.994888 0.683372 0.263086 -0.896344 0.263086
686 0.0348774 0.99842 0.878396 -0.372275 0.878396
687 0.24883 0.599701 -0.0581074 -0.601795 -0.0581074
688 0.948359 0.692362 1.29924 -0.656625 1.29924
689 0.431622 0.195596 1.1723 0.965718 1.1723
690 0.960665 0.465384 -0.58144 -1.17994 -0.58144
691 0.978026 0.675861 -1.12186 -0.848948 -1.12186
692 0.988478 0.122594 -0.489354 -0.543179 -0.489354
693 0.961374 0.469698 -1.14755 -1.21077 -1.14755
694 0.560554 0.00932787 0.531385 0.613333 0.531385
695 0.890687 0.0482285 -0.492373 -0.659776 -0.492373
696 0.170191 0.437871 0.415549 -0.0888409 0.415549
697 0.0764117 0.156072 0.280953 -0.298183 0.280953
698 0.965608 0.4671 -0.673927 -1.22141 -0.673927
699 0.0702306 0.169326 0.285523 -0.253895 0.285523
700 0.959771 0.466531 -1.67756 -1.18135 -1.67756
701 0.1308 0.00362961 0.760372 -0.7186 0.760372
702 0.468119 0.528592 -0.571386 0.711943 -0.571386
703 0.352609 0.890799 0.481482 0.541491 0.481482
704 0.968012 0.461593 -1.20379 -1.20163 -1.20379
705 0.0767092 0.165419 0.329746 -0.250248 0.329746
706 0.728796 0.150766 0.494796 0.00325509 0.494796
707 0.3196 0.168258 0.453021 0.592752 0.453021
708 0.318459 0.169277 0.0548863 0.591362 0.0548863
709 0.90378 0.522087 0.79946 -0.917744 0.79946
710 0.448167 0.553397 0.826397 0.638572 0.826397
711 0.981867 0.879955 -0.404265 -0.322108 -0.404265
712 0.441662 0.386675 0.160465 0.797167 0.160465
713 0.968898 0.466532 -0.575679 -1.23843 -0.575679
714 0.498443 0.980843 -0.36065 0.980989 -0.36065
715 0.906379 0.29333 -0.722683 -0.0800998 -0.722683
716 0.16844 0.430539 1.11252 -0.0718139 1.11252
717 0.996196 0.677226 0.252818 -0.927295 0.252818
718 0.0284587 0.668941 1.4206 -0.272544 1.4206
719 0.844646 0.551353 0.155976 -0.45474 0.155976
720 0.771636 0.441089 0.539812 0.00219668 0.539812
721 0.748715 0.881455 -0.669245 0.0425976 -0.669245
722 0.0346008 0.667169 0.0651065 -0.288904 0.0651065
723 0.125645 0.0172084 0.886935 -0.69415 0.886935
724 0.105363 0.00626305 0.00835345 -0.867381 0.00835345
725 0.240557 0.595614 -0.749326 -0.574715 -0.749326
726 0.354353 0.881392 0.921246 0.503237 0.921246
727 0.98454 0.885277 0.216927 -0.315479 0.216927
728 0.134268 0.45088 0.205726 -0.144682 0.205726
729 0.0777225 0.162868 0.452287 -0.259287 0.452287
730 0.883883 0.301431 -0.383485 -0.0896627 -0.383485
731 0.990241 0.970538 0.237212 -0.143754 0.237212
732 0.863105 0.0555747 1.72056 -0.554727 1.72056
733 0.47494 0.974192 0.327171 0.98379 0.327171
734 0.972236 0.461128 -0.0441782 -1.2244 -0.0441782
735 0.553151 0.817807 -0.669197 0.997168 -0.669197
736 0.129803 0.525666 1.4665 -0.29912 1.4665
737 0.272814 0.363166 0.0813135 0.282483 0.0813135
738 0.309122 0.957945 0.0132395 0.824888 0.0132395
739 0.352555 0.889173 0.727654 0.533361 0.727654
740 0.273816 0.599777 1.4288 -0.449502 1.4288
741 0.138621 0.0135929 1.04414 -0.629485 1.04414
742 0.347452 0.886778 0.153851 0.500798 0.153851
743 0.247828 0.592531 -0.374575 -0.573367 -0.374575
744 0.117699 0.524107 0.347422 -0.294428 0.347422
745 0.360414 0.898085 0.801446 0.605095 0.801446
746 0.966629 0.46559 -0.629761 -1.21831 -0.629761
747 0.123319 0.026923 0.212202 -0.667157 0.212202
748 0.983789 0.982955 1.16385 -0.117365 1.16385
749 0.982384 0.14904 1.16335 -0.392528 1.16335
750 0.972349 0.874851 -0.700442 -0.316701 -0.700442
751 0.357345 0.908951 0.266172 0.644713 0.266172
752 0.266437 0.621924 0.541152 -0.572757 0.541152
753 0.275103 0.389291 0.760607 0.211482 0.760607
754 0.349651 0.89635 0.922247 0.557645 0.922247
755 0.354034 0.887269 0.715766 0.530109 0.715766
756 0.0333893 0.978588 0.504586 -0.375258 0.504586
757 0.297579 0.589978 0.922307 -0.269374 0.922307
758 0.96892 0.466342 -1.37688 -1.23736 -1.37688
759 0.964917 0.472678 -1.0943 -1.25184 -1.0943
760 0.00473527 0.310852 1.33719 -0.0612169 1.33719
761 0.630991 0.586745 0.261211 0.561232 0.261211
762 0.242906 0.584381 -0.0640862 -0.536765 -0.0640862
763 0.0661729 0.171848 -0.0303641 -0.255368 -0.0303641
764 0.342823 0.886816 0.919494 0.482048 0.919494
765 0.0880129 0.69156 0.114093 -0.454459 0.114093
766 0.038759 0.666676 1.34409 -0.299857 1.34409
767 0.877832 0.545369 0.567764 -0.684276 0.567764
768 0.56942 0.807767 1.12145 0.940748 1.12145
769 0.967014 0.455163 -0.956562 -1.15505 -0.956562
770 0.00911239 0.674093 0.0809111 -0.218713 0.0809111
771 0.966567 0.460673 -1.18922 -1.18703 -1.18922
772 0.97101 0.459063 -0.7485 -1.20368 -0.7485
773 0.978766 0.399079 1.53204 -0.850958 1.53204
774 0.0736203 0.157283 0.773735 -0.302669 0.773735
775 0.955089 0.691889 0.968877 -0.687655 0.968877
776 0.565198 0.81797 0.709381 0.943872 0.709381
777 0.965673 0.45607 -0.987151 -1.15281 -0.987151
778 0.97862 0.667921 -0.768131 -0.881954 -0.768131
779 0.342845 0.889907 1.2696 0.498499 1.2696
780 0.270094 0.143768 -0.571163 0.395974 -0.571163
781 0.0635327 0.951119 1.099 -0.216408 1.099
782 0.355799 0.894774 0.264799 0.572802 0.264799
783 0.919836 0.273125 -0.573442 0.00539742 -0.573442
784 0.965868 0.459857 -0.596423 -1.17768 -0.596423
785 0.516991 0.858463 -0.152886 1.09419 -0.152886
786 0.964457 0.476427 -0.797809 -1.27219 -0.797809
787 0.968655 0.464785 -0.970892 -1.22581 -0.970892
788 0.122402 0.520173 1.17657 -0.288992 1.17657
789 0.248378 0.594409 -0.65695 -0.581185 -0.65695
790 0.104393 0.711385 1.05556 -0.529963 1.05556
791 0.286443 0.353852 0.469812 0.355365 0.469812
792 0.315924 0.160246 0.676244 0.566388 0.676244
793 0.763356 0.419508 0.672073 0.048089 0.672073
794 0.00931171 0.322352 1.08495 -0.067269 1.08495
795 0.454292 0.504408 1.44616 0.620452 1.44616
796 0.342197 0.884621 -0.0164346 0.467806 -0.0164346
797 0.359436 0.0121973 -0.12569 0.4286 -0.12569
798 0.638443 0.578781 0.882414 0.527851 0.882414
799 0.968422 0.46703 -0.88722 -1.23861 -0.88722
800 0.860212 0.0442751 0.0921818 -0.583795 0.0921818
801 0.620726 0.588187 -0.331831 0.596528 -0.331831
802 0.963289 0.458453 -1.06199 -1.15341 -1.06199
803 0.0713427 0.947017 0.402937 -0.183367 0.402937
804 0.991787 0.127836 0.555367 -0.520144 0.555367
805 0.955623 0.384699 -0.189929 -0.668794 -0.189929
806 0.0834891 0.152002 0.929052 -0.291204 0.929052
807 0.998908 0.66761 0.121804 -0.979364 0.121804
808 0.983101 0.433379 -1.00809 -1.10204 -1.00809
809 0.429768 0.355416 0.111555 0.82238 0.111555
810 0.452573 0.322747 -0.376873 0.96264 -0.376873
811 0.604043 0.303736 0.575504 0.695385 0.575504
812 0.941528 0.685426 0.901557 -0.649323 0.901557
813 0.115346 0.726772 0.574095 -0.589843 0.574095
814 0.116033 0.0147992 0.468121 -0.763229 0.468121
815 0.97332 0.686415 1.748 -0.787841 1.748
816 0.202512 0.987671 0.561855 0.731266 0.561855
817 0.551827 0.821608 -0.99522 0.997221 -0.99522
818 0.134586 0.0157187 0.532811 -0.645699 0.532811
819 0.628103 0.551604 1.08306 0.527989 1.08306
820 0.443508 0.4949 0.771294 0.581913 0.771294
821 0.193746 0.978089 0.222718 0.608507 0.222718
822 0.981403 0.131816 0.0485672 -0.482423 0.0485672
823 0.477278 0.974629 0.149626 0.984243 0.149626
824 0.0438642 0.311583 0.292061 0.00669559 0.292061
825 0.747024 0.918561 0.847191 -0.00444745 0.847191
826 0.171394 0.953248 0.491528 0.327188 0.491528
827 0.416789 0.324598 0.535059 0.847492 0.535059
828 0.928701 0.28314 0.0770922 -0.048508 0.0770922
829 0.00299428 0.318283 1.53056 -0.0730376 1.53056
830 0.219743 0.257482 -0.266833 0.473365 -0.266833
831 0.029507 0.653342 1.12631 -0.275819 1.12631
832 0.96746 0.463636 -0.978827 -1.21116 -0.978827
833 0.478325 0.528488 0.380406 0.7607 0.380406
834 0.909704 0.271432 0.443362 0.0161037 0.443362
835 0.0268727 0.32282 0.112085 -0.0385518 0.112085
836 0.263957 0.605673 0.932362 -0.533811 0.932362
837 0.977951 0.672715 -0.228633 -0.860559 -0.228633
838 0.959102 0.869021 0.205326 -0.304667 0.205326
839 0.960561 0.397703 1.43647 -0.766535 1.43647
840 0.660443 0.565064 1.22223 0.443867 1.22223
841 0.962866 0.468482 -1.14653 -1.21274 -1.14653
842 0.102123 0.0203662 0.626395 -0.823008 0.626395
843 0.0983964 0.00644727 -0.302807 -0.910236 -0.302807
844 0.42172 0.20927 1.23921 0.959403 1.23921
845 0.858636 0.0566444 0.919704 -0.53873 0.919704
846 0.169034 0.961866 1.23343 0.364464 1.23343
847 0.348632 0.888146 0.617693 0.512528 0.617693
848 0.0100864 0.303084 1.18242 -0.0421898 1.18242
849 0.003258 0.292005 0.797523 -0.0415878 0.797523
850 0.329414 0.169616 0.35917 0.624225 0.35917
851 0.00575303 0.313866 1.05918 -0.0630368 1.05918
852 0.429468 0.201128 0.764501 0.968323 0.764501
853 0.604016 0.357872 -0.1729 0.649582 -0.1729
854 0.730795 0.213836 0.0987804 0.0857888 0.0987804
855 0.962801 0.46901 -0.74988 -1.21559 -0.74988
856 0.249305 0.586156 -0.611514 -0.551244 -0.611514
857 0.431962 0.216221 1.01572 0.999205 1.01572
858 0.286872 0.360521 0.120566 0.337149 0.120566
859 0.560078 0.836702 -0.0476853 0.937974 -0.0476853
860 0.982104 0.144243 1.11894 -0.41761 1.11894
861 0.272155 0.584169 -0.139921 -0.409202 -0.139921
862 0.0399406 0.987429 0.10155 -0.335676 0.10155
863 0.345834 0.889648 0.251009 0.508997 0.251009
864 0.555751 0.816594 -0.146424 0.987565 -0.146424
865 0.960254 0.461474 -0.964276 -1.15358 -0.964276
866 0.961377 0.381266 -0.188463 -0.669253 -0.188463
867 0.368966 0.911925 1.55142 0.693466 1.55142
868 0.346075 0.898994 0.48376 0.55812 0.48376
869 0.0013724 0.301642 -0.405366 -0.0564206 -0.405366
870 0.400758 0.474524 0.400085 0.453892 0.400085
871 0.371752 0.882373 -0.740966 0.582508 -0.740966
872 0.650361 0.573368 -0.0248131 0.48395 -0.0248131
873 0.350081 0.887266 0.431998 0.513997 0.431998
874 0.732618 0.9087 0.769728 0.0731086 0.769728
875 0.433289 0.190478 1.27546 0.962437 1.27546
876 0.957459 0.470569 -1.10763 -1.19113 -1.10763
877 0.347972 0.886975 0.603715 0.503931 0.603715
878 0.0182354 0.307002 1.58293 -0.0324037 1.58293
879 0.948169 0.847737 0.696529 -0.317481 0.696529
880 0.73773 0.160409 0.203715 -0.0254615 0.203715
881 0.158988 0.270225 1.47694 0.309371 1.47694
882 0.0727562 0.706241 0.418428 -0.418157 0.418428
883 0.85216 0.533227 0.402491 -0.537967 0.402491
884 0.329067 0.90999 0.945289 0.562304 0.945289
885 0.120928 0.0186949 0.507345 -0.716539 0.507345
886 0.350159 0.895606 0.268749 0.555811 0.268749
887 0.348405 0.886664 0.691202 0.504127 0.691202
888 0.964418 0.459602 -1.21961 -1.16733 -1.21961
889 0.425149 0.203634 0.509 0.960056 0.509
890 0.0306201 0.683619 -0.10943 -0.278184 -0.10943
891 0.968687 0.463424 -0.664156 -1.21738 -0.664156
892 0.3472 0.886479 0.519353 0.49824 0.519353
893 0.274754 0.390243 1.1333 0.2074 1.1333
894 0.878629 0.0416764 1.13831 -0.64811 1.13831
895 0.291864 0.967531 -0.335069 0.879582 -0.335069
896 0.24412 0.592078 -0.479967 -0.566671 -0.479967
897 0.878651 0.0369175 1.33671 -0.665279 1.33671
898 0.421145 0.321255 0.32335 0.868332 0.32335
899 0.327397 0.166886 1.46498 0.613099 1.46498
900 0.556811 0.0206508 0.577944 0.647207 0.577944
901 0.960002 0.458497 -0.953274 -1.13394 -0.953274
902 0.137506 0.450234 -0.73282 -0.14114 -0.73282
903 0.353129 0.882741 1.00828 0.504477 1.00828
904 0.121168 0.51842 0.472711 -0.286133 0.472711
905 0.97509 0.430129 -0.481349 -1.03885 -0.481349
906 0.984475 0.147985 0.434525 -0.400787 0.434525
907 0.989075 0.139234 -0.603939 -0.454044 -0.603939
908 0.285122 0.371571 0.511962 0.29871 0.511962
909 0.265699 0.606652 1.19249 -0.525635 1.19249
910 0.0258018 0.292252 -1.39141 0.00123516 -1.39141
911 0.0573166 0.171294 0.150062 -0.289674 0.150062
912 0.00696882 0.314111 1.1054 -0.061219 1.1054
913 0.167416 0.430602 0.441223 -0.0727949 0.441223
914 0.641022 0.570618 0.548982 0.510428 0.548982
915 0.606231 0.302828 0.755738 0.68673 0.755738
916 0.966516 0.401163 1.44753 -0.812888 1.44753
917 0.403438 0.328437 1.30358 0.797168 1.30358
918 0.637218 0.56802 0.188743 0.519411 0.188743
919 0.443848 0.52568 0.631746 0.593287 0.631746
920 0.168865 0.940408 1.09332 0.241404 1.09332
921 0.359077 0.0176054 -0.908869 0.437125 -0.908869
922 0.163875 0.278966 0.41239 0.298039 0.41239
923 0.897341 0.260001 0.428375 0.0666243 0.428375
924 0.974285 0.987593 -0.0206505 -0.108448 -0.0206505
925 0.0521889 0.668844 1.11054 -0.336115 1.11054
926 0.856026 0.534375 0.916976 -0.561932 0.916976
927 0.119181 0.515608 1.16098 -0.281706 1.16098
928 0.0120437 0.311478 0.630655 -0.049109 0.630655
929 0.154757 0.447423 -0.21914 -0.123225 -0.21914
930 0.951734 0.327619 0.0290134 -0.321672 0.0290134
931 0.721439 0.88605 -0.349525 0.155462 -0.349525
932 0.961718 0.384909 1.17829 -0.692835 1.17829
933 0.909021 0.277015 -0.722739 -0.00891881 -0.722739
934 0.734663 0.156871 -0.158264 -0.0159449 -0.158264
935 0.975876 0.153251 1.40401 -0.362467 1.40401
936 0.973552 0.694403 1.11574 -0.759047 1.11574
937 0.243346 0.592859 -0.536459 -0.5685 -0.536459
938 0.0435385 0.680129 -0.213262 -0.315354 -0.213262
939 0.136952 0.450592 -0.907348 -0.142306 -0.907348
940 0.0525331 0.157477 0.527215 -0.381357 0.527215
941 0.96084 0.460546 -0.713895 -1.15148 -0.713895
942 0.973393 0.46583 -1.01821 -1.26197 -1.01821
943 0.966118 0.466048 -0.140934 -1.21801 -0.140934
944 0.0724821 0.163849 1.11935 -0.273639 1.11935
945 0.354814 0.886592 -0.381806 0.530054 -0.381806
946 0.969476 0.69237 0.1873 -0.748833 0.1873
947 0.558917 0.0156514 -0.520786 0.630058 -0.520786
948 0.963526 0.46647 -0.846296 -1.20445 -0.846296
949 0.962404 0.463895 -0.278055 -1.18159 -0.278055
950 0.28366 0.602882 0.369524 -0.395024 0.369524
951 0.966412 0.702294 1.19365 -0.699467 1.19365
952 0.963646 0.463398 -0.590889 -1.18618 -0.590889
953 0.968798 0.462632 -0.497247 -1.21303 -0.497247
954 0.62585 0.580142 -0.578782 0.569874 -0.578782
955 0.0215381 0.97942 1.58754 -0.448971 1.58754
956 0.772683 0.452083 0.825459 -0.00699618 0.825459
957 0.134911 0.442462 -0.0758114 -0.125473 -0.0758114
958 0.071568 0.948303 0.136608 -0.180586 0.136608
959 0.714464 0.223546 -0.480779 0.17776 -0.480779
960 0.122288 0.528175 1.62215 -0.301623 1.62215
961 0.214125 0.262426 0.18095 0.446889 0.18095
962 0.976793 0.673617 -0.60467 -0.851748 -0.60467
963 0.551405 0.815851 -1.01769 1.00783 -1.01769
964 0.715899 0.881072 -0.253133 0.187107 -0.253133
965 0.738855 0.191361 0.403798 0.0144647 0.403798
966 0.416646 0.316637 0.674062 0.864572 0.674062
967 0.0735461 0.946345 0.128245 -0.173875 0.128245
968 0.55097 0.011237 1.86682 0.662492 1.86682
969 0.924957 0.26029 1.40347 0.0680772 1.40347
970 0.486705 0.968069 0.272777 0.993133 0.272777
971 0.965119 0.472033 -0.827077 -1.24912 -0.827077
972 0.269838 0.60174 1.06267 -0.481805 1.06267
973 0.573834 0.829091 0.80175 0.888997 0.80175
974 0.0964757 0.0133791 -0.217048 -0.889835 -0.217048
975 0.443449 0.485721 -0.02263 0.600475 -0.02263
976 0.756842 0.769655 0.348537 0.179065 0.348537
977 0.415507 0.197682 0.35818 0.923042 0.35818
978 0.920659 0.292362 -0.442877 -0.0885361 -0.442877
979 0.77013 0.450774 1.50896 0.00813702 1.50896
980 0.265874 0.605398 0.836475 -0.520181 0.836475
981 0.357211 0.899168 0.799849 0.598612 0.799849
982 0.968973 0.454854 0.326988 -1.16465 0.326988
983 0.965191 0.469215 -0.435931 -1.23199 -0.435931
984 0.69333 0.572104 1.53219 0.346984 1.53219
985 0.000288125 0.306459 0.907843 -0.0639816 0.907843
986 0.967401 0.470801 -0.911237 -1.25599 -0.911237
987 0.992233 0.979443 -0.720466 -0.125087 -0.720466
988 0.97049 0.463115 -0.679106 -1.2265 -0.679106
989 0.101445 0.735868 0.487446 -0.549716 0.487446
990 0.766514 0.782233 0.198045 0.132739 0.198045
991 0.760242 0.784039 0.702115 0.149271 0.702115
992 0.956896 0.46344 -0.798043 -1.14487 -0.798043
993 0.941946 0.731865 0.798772 -0.500012 0.798772
994 0.995581 0.67695 0.0978073 -0.92559 0.0978073
995 0.978594 0.157784 0.586732 -0.341917 0.586732
996 0.351885 0.0140815 -0.178887 0.406122 -0.178887
997 0.758842 0.882962 -1.14672 0.021371 -1.14672
998 0.967598 0.459793 -0.653801 -1.18774 -0.653801
999 0.966637 0.463829 -0.988916 -1.2073 -0.988916

