200 125 1.34689 0.707359 -0.045874
400 127 1.17697 0.673714 0.0440357
600 141 0.479065 0.715068 -0.0290599
800 146 0.579552 0.762804 -0.0828669
1000 161 0.475419 0.750073 -0.059999
1200 158 -0.0207069 0.762721 0.0234406
1400 161 0.168632 0.663322 -0.0148719
1600 150 -0.0699825 0.855058 -0.0765766
1800 184 -0.178901 0.799988 -0.0168114
2000 159 -0.0258436 0.719747 0.121689
2200 185 0.0613518 0.777414 0.0762583
2400 163 -0.133007 0.657306 0.0028579
2600 182 -0.199917 0.677967 -0.0522973
2800 171 -0.52426 0.698651 -0.022684
3000 144 -0.561768 0.659268 -0.101476
3200 176 0.376017 0.771774 -0.113012
3400 171 1.94114 1.03989 -0.0638611
3600 177 2.70741 0.978418 -0.0469508
3800 187 2.80994 0.838504 -0.00783723
4000 166 1.99495 0.695164 0.00650085
4200 165 1.25842 0.750253 0.0277576
4400 166 2.7115 1.02677 0.166309
4600 174 1.62185 0.799729 0.0561946
4800 182 1.42999 0.754673 0.0217262
5000 165 1.37854 0.759626 0.049646
5200 185 1.29164 0.721942 0.0469272
5400 150 0.972529 0.866281 0.0406223
5600 166 0.780605 0.780294 0.0267158
5800 171 0.816352 0.701829 -0.073512
6000 156 0.50014 0.7221 0.0227728
