200 121 -0.589966 0.677349 -0.00729943
400 150 -0.262879 0.758988 -0.0952593
600 130 0.0999366 0.676605 -0.0247091
800 148 0.341786 0.65277 -0.0520308
1000 164 -0.377882 0.782242 0.0567966
1200 138 -0.696508 0.678467 -0.0507383
1400 135 -0.498837 0.617663 0.0328866
1600 148 0.46901 0.7006 0.0106054
1800 166 0.338556 0.67212 -0.0593504
2000 178 0.245748 0.740971 0.0247203
2200 170 0.228397 0.763401 -0.0689236
2400 176 0.0655012 0.769349 0.00763243
2600 143 0.334727 0.663385 -0.106877
2800 177 0.399605 0.778216 -0.0998619
3000 154 0.408644 0.72478 -0.0373556
3200 164 0.300641 0.720951 -0.0128065
3400 176 0.250772 0.715837 0.0293965
3600 164 0.387318 0.69491 0.0107225
3800 189 0.230173 0.629346 -0.0504052
4000 181 0.12226 0.684334 -0.00349355
4200 164 -0.116314 0.61283 0.452625
4400 154 -0.18925 0.648357 0.347304
4600 150 -0.129013 0.617744 0.359513
4800 149 -0.0993617 0.569679 0.415238
5000 155 -0.105168 0.596167 0.421175
5200 137 -0.126324 0.585131 0.354134
5400 136 -0.165593 0.609191 0.420455
5600 166 -0.00175771 0.598194 0.450232
5800 126 -0.149273 0.565131 0.386404
6000 143 -0.130049 0.568229 0.422049
