200 115 -0.931238 0.723826 0.0715686
400 129 -0.873664 0.654604 0.01526
600 145 -1.13142 0.669026 0.0507047
800 145 -0.840227 0.617404 0.0341219
1000 136 -0.516499 0.714675 -0.0225757
1200 157 -0.411624 0.625945 0.073606
1400 143 -0.435754 0.723399 -0.0843919
1600 143 -0.456129 0.669252 0.0554782
1800 146 -0.224613 0.623491 0.00442698
2000 147 -0.249498 0.587645 -0.0806557
2200 132 -0.488957 0.595255 -0.0752456
2400 140 -0.255324 0.613763 0.0566384
2600 136 -0.27774 0.732202 0.0542892
2800 157 -0.541579 0.697708 0.0603849
3000 157 -0.507687 0.679324 0.0568713
3200 167 -0.397989 0.787084 0.0878276
3400 138 -0.338235 0.576597 0.0246592
3600 138 0.20476 0.61262 -0.0493795
3800 149 -0.150403 0.61911 -0.00879217
4000 139 -0.39758 0.65665 -0.0441156
4200 161 -0.0478766 0.55508 0.456888
4400 149 -0.0920469 0.548197 0.525995
4600 144 -0.061143 0.566518 0.431148
4800 142 -0.112638 0.57096 0.506533
5000 144 -0.105116 0.563042 0.435883
5200 158 -0.0791999 0.570543 0.499003
5400 136 -0.115146 0.551881 0.493999
5600 154 -0.0287591 0.569112 0.486474
5800 148 -0.0976396 0.558262 0.440172
6000 136 -0.13062 0.587093 0.463204
