id x y phenotype1 envi phenotype2 
0 0.295474 0.904066 -0.484619 -0.00347897 -0.484619
1 0.979879 0.791424 -0.895883 -0.397249 -0.895883
2 0.987901 0.778299 -0.37119 -0.455911 -0.37119
3 0.123671 0.706547 0.282114 -0.58176 0.282114
4 0.963224 0.950538 0.119501 0.0635504 0.119501
5 0.0387605 0.0186866 0.702298 -1.18656 0.702298
6 0.419267 0.0235817 0.600207 0.748252 0.600207
7 0.0324997 0.359815 0.405922 -0.882098 0.405922
8 0.0190758 0.352139 0.527057 -0.905131 0.527057
9 0.788546 0.980182 1.30586 -0.217118 1.30586
10 0.951648 0.0146163 -0.68741 -0.758464 -0.68741
11 0.296143 0.962768 0.947921 -0.0287572 0.947921
12 0.965532 0.763406 0.165094 -0.444447 0.165094
13 0.0436653 0.299063 -0.884746 -0.765135 -0.884746
14 0.985269 0.699327 0.656163 -0.573671 0.656163
15 0.397899 0.956546 0.602891 0.989775 0.602891
16 0.760144 0.725707 0.26447 0.0877647 0.26447
17 0.872277 0.805987 0.194354 -0.166881 0.194354
18 0.0124689 0.962994 -0.0142625 -1.10825 -0.0142625
19 0.0111357 0.0154842 1.08435 -1.37112 1.08435
20 0.0149405 0.949166 -0.395863 -1.08021 -0.395863
21 0.643549 0.985801 -0.0596355 0.698914 -0.0596355
22 0.0137593 0.946059 -0.194774 -1.07837 -0.194774
23 0.413792 0.0257996 1.37932 0.733825 1.37932
24 0.495786 0.560486 1.27047 1.32691 1.27047
25 0.557978 0.667029 1.26674 1.18348 1.26674
26 0.165523 0.981355 -1.19287 -0.733857 -1.19287
27 0.549932 0.223868 0.860187 1.55967 0.860187
28 0.431683 0.386223 1.31695 1.07771 1.31695
29 0.482914 0.54329 0.894815 1.21291 0.894815
30 0.956075 0.450393 -1.25618 -0.668552 -1.25618
31 0.0551081 0.0118073 0.0351724 -1.09451 0.0351724
32 0.569145 0.513024 0.900347 0.865032 0.900347
33 0.306792 0.584667 -0.899247 0.065465 -0.899247
34 0.838261 0.439783 -0.193336 -0.349547 -0.193336
35 0.219229 0.021431 -0.806166 -0.0391069 -0.806166
36 0.582211 0.834261 0.289257 1.21034 0.289257
37 0.569606 0.846926 0.56458 1.3101 0.56458
38 0.822897 0.270722 -0.705198 -0.106526 -0.705198
39 0.274159 0.41637 1.09668 -0.150686 1.09668
40 0.529415 0.0770258 1.39383 1.06364 1.39383
41 0.650722 0.966417 -0.499725 0.641402 -0.499725
42 0.0265906 0.340483 0.125062 -0.867819 0.125062
43 0.639018 0.405264 0.361689 0.665284 0.361689
44 0.553234 0.865408 -0.170117 1.44828 -0.170117
45 0.955017 0.0347911 -0.746025 -0.757422 -0.746025
46 0.285258 0.676393 -0.0653921 -0.0362615 -0.0653921
47 0.995924 0.700292 -0.300819 -0.602481 -0.300819
48 0.554446 0.227831 1.46822 1.5455 1.46822
49 0.549082 0.666813 -0.103248 1.23673 -0.103248
50 0.969036 0.266082 -0.113509 -0.800492 -0.113509
51 0.733258 0.703229 0.362527 0.183341 0.362527
52 0.149738 0.990956 -0.934508 -0.787512 -0.934508
53 0.209781 0.0182185 -1.12877 -0.0951929 -1.12877
54 0.987701 0.789107 -1.25182 -0.420702 -1.25182
55 0.588317 0.909469 0.866276 1.19331 0.866276
56 0.974739 0.951014 -0.541762 0.0812584 -0.541762
57 0.524647 0.0827581 1.07039 1.12138 1.07039
58 0.388045 0.952939 -0.262645 0.889873 -0.262645
59 0.932576 0.0304023 0.372185 -0.746219 0.372185
60 0.255658 0.228309 0.523894 -0.190347 0.523894
61 0.111472 0.710334 -0.341376 -0.606311 -0.341376
62 0.121152 0.703045 -0.0116264 -0.591093 -0.0116264
63 0.76974 0.980668 -0.318009 -0.256638 -0.318009
64 0.295282 0.890595 0.290721 0.00208487 0.290721
65 0.359306 0.165404 0.220869 0.654961 0.220869
66 0.652927 0.994805 0.889311 0.60516 0.889311
67 0.799028 0.958874 0.0450853 -0.176514 0.0450853
68 0.35727 0.170835 -0.332298 0.644786 -0.332298
69 0.47624 0.547516 0.920027 1.17495 0.920027
70 0.550496 0.0769423 1.14685 0.918239 1.14685
71 0.557545 0.0632776 -0.448767 0.810492 -0.448767
72 0.167092 0.683523 -0.0701393 -0.49762 -0.0701393
73 0.94631 0.0187269 -0.401538 -0.75635 -0.401538
74 0.869967 0.809993 0.884292 -0.160272 0.884292
75 0.0207993 0.337401 0.942455 -0.877522 0.942455
76 0.647973 0.213853 -0.46746 0.835574 -0.46746
77 0.239988 0.24844 -0.200592 -0.298142 -0.200592
78 0.994708 0.488687 0.719451 -0.737718 0.719451
79 0.972682 0.480392 0.147757 -0.694773 0.147757
80 0.305968 0.951538 0.605479 0.0747758 0.605479
81 0.732259 0.793603 -0.164902 0.187536 -0.164902
82 0.305004 0.58867 -0.0333782 0.0556079 -0.0333782
83 0.437823 0.0217563 -0.159962 0.808559 -0.159962
84 0.640746 0.00645653 1.23901 -0.0056275 1.23901
85 0.827809 0.270512 0.961693 -0.129528 0.961693
86 0.38493 0.957971 0.441798 0.860968 0.441798
87 0.225787 0.0437047 -0.822058 -0.0299392 -0.822058
88 0.752187 0.72477 0.100113 0.109073 0.100113
89 0.0968482 0.728479 1.08992 -0.619978 1.08992
90 0.275072 0.674805 1.21395 -0.112149 1.21395
91 0.584303 0.837456 0.628361 1.19646 0.628361
92 0.193353 0.415884 -0.291574 -0.494519 -0.291574
93 0.900745 0.63591 0.433335 -0.402903 0.433335
94 0.0484269 0.023069 1.08135 -1.11657 1.08135
95 0.746795 0.787492 -0.310663 0.101917 -0.310663
96 0.965642 0.773039 -0.306659 -0.418397 -0.306659
97 0.526147 0.241751 0.845124 1.8027 0.845124
98 0.971333 0.948389 0.341093 0.0688963 0.341093
99 0.036823 0.289423 -0.527891 -0.766445 -0.527891
100 0.926719 0.0396716 0.371255 -0.73709 0.371255
101 0.816568 0.460736 -0.239652 -0.316529 -0.239652
102 0.867619 0.624648 0.729353 -0.331589 0.729353
103 0.939039 0.0193144 -0.170637 -0.754084 -0.170637
104 0.514142 0.195021 0.888997 1.68266 0.888997
105 0.109067 0.541029 0.50377 -0.78942 0.50377
106 0.128207 0.956687 -0.631141 -0.799935 -0.631141
107 0.63745 0.371329 1.30384 0.760189 1.30384
108 0.367904 0.170014 1.0798 0.720697 1.0798
109 0.836324 0.27384 -0.101894 -0.173271 -0.101894
110 0.750698 0.0881546 0.0108719 -0.407902 0.0108719
111 0.154858 0.96369 0.0471424 -0.739945 0.0471424
112 0.013632 0.352767 0.659103 -0.920172 0.659103
113 0.974408 0.700792 -0.0182629 -0.542619 -0.0182629
114 0.761489 0.721665 1.20172 0.0778664 1.20172
115 0.163681 0.6723 -0.867746 -0.514576 -0.867746
116 0.806428 0.971367 -0.197915 -0.173809 -0.197915
117 0.0187989 0.00457547 -1.08403 -1.34864 -1.08403
118 0.41523 0.966415 0.540931 1.16989 0.540931
119 0.750102 0.787944 -0.533238 0.0796447 -0.533238
120 0.0281911 0.527352 -0.467274 -1.06777 -0.467274
121 0.965267 0.952216 -0.134836 0.071019 -0.134836
122 0.65584 0.987394 0.182303 0.58173 0.182303
123 0.289907 0.427485 -0.703077 -0.0429338 -0.703077
124 0.0233899 0.294481 0.843297 -0.804215 0.843297
125 0.644632 0.0116904 0.937146 -0.0097474 0.937146
126 0.839597 0.260082 -0.0830668 -0.174996 -0.0830668
127 0.47653 0.537205 -1.08421 1.16102 -1.08421
128 0.983741 0.27053 0.753825 -0.867744 0.753825
129 0.613298 0.387911 1.60653 0.87318 1.60653
130 0.986631 0.260051 0.428564 -0.889169 0.428564
131 0.445944 0.0127813 0.309556 0.809839 0.309556
132 0.300032 0.970748 -0.462056 0.0063341 -0.462056
133 0.289591 0.454477 0.734327 -0.0648261 0.734327
134 0.269316 0.0583613 0.543512 0.17002 0.543512
135 0.83169 0.254122 0.27425 -0.130121 0.27425
136 0.541685 0.219388 1.58952 1.59751 1.58952
137 0.131769 0.971069 0.921676 -0.809423 0.921676
138 0.962523 0.945627 -1.11847 0.0494597 -1.11847
139 0.655937 0.385348 -0.574296 0.60661 -0.574296
140 0.989144 0.258642 0.23482 -0.902458 0.23482
141 0.00235955 0.869939 1.16489 -0.986273 1.16489
142 0.961556 0.939643 -0.434808 0.0323639 -0.434808
143 0.759153 0.0987665 0.680232 -0.379072 0.680232
144 0.29772 0.891587 -0.079289 0.0241797 -0.079289
145 0.0130618 0.884373 0.915042 -0.983424 0.915042
146 0.150754 0.983446 -0.335262 -0.775389 -0.335262
147 0.836875 0.443437 0.242941 -0.349487 0.242941
148 0.429745 0.379659 0.419335 1.07779 0.419335
149 0.24959 0.227534 -0.0102082 -0.238869 -0.0102082
150 0.833268 0.461745 0.0827906 -0.359273 0.0827906
151 0.356994 0.166355 -1.25841 0.639328 -1.25841
152 0.244567 0.0252579 -0.0757234 0.114279 -0.0757234
153 0.813683 0.262736 0.696035 -0.0525706 0.696035
154 0.554017 0.629782 1.04067 1.14632 1.04067
155 0.874044 0.814483 -0.506159 -0.163638 -0.506159
156 0.22423 0.0359319 -0.180644 -0.0280859 -0.180644
157 0.0132296 0.00930753 0.86971 -1.3735 0.86971
158 0.0250795 0.350897 0.885758 -0.887735 0.885758
159 0.992826 0.483644 0.628967 -0.737735 0.628967
160 0.659551 0.0123505 0.589002 -0.10912 0.589002
161 0.405459 0.954502 0.913071 1.06392 0.913071
162 0.302829 0.584637 -0.682045 0.0381631 -0.682045
163 0.045083 0.546237 -0.193781 -0.986555 -0.193781
164 0.55033 0.873688 0.856544 1.47826 0.856544
165 0.668927 0.00102914 -0.179019 -0.221862 -0.179019
166 0.0823122 0.224767 1.06801 -0.648691 1.06801
167 0.98171 0.770532 -0.62491 -0.46543 -0.62491
168 0.652551 0.998542 0.451051 0.606682 0.451051
169 0.989146 0.262156 -0.198301 -0.899766 -0.198301
170 0.617796 0.225687 -0.0223885 1.09605 -0.0223885
171 0.924354 0.0488935 -0.293867 -0.728906 -0.293867
172 0.649631 0.376817 0.791294 0.667964 0.791294
173 0.990907 0.937579 -0.104078 0.0602101 -0.104078
174 0.56376 0.863317 -0.260081 1.36547 -0.260081
175 0.799701 0.475621 -0.288696 -0.296191 -0.288696
176 0.015471 0.863446 0.675905 -0.944907 0.675905
177 0.549002 0.678034 -0.0103241 1.25563 -0.0103241
178 0.840897 0.264713 0.713313 -0.185832 0.713313
179 0.884002 0.639066 -0.0300987 -0.35723 -0.0300987
180 0.288124 0.580582 -0.373106 -0.0651974 -0.373106
181 0.968416 0.765964 -0.906449 -0.444957 -0.906449
182 0.668252 0.530936 0.42081 0.303848 0.42081
183 0.578946 0.833811 0.0367678 1.23388 0.0367678
184 0.568562 0.914414 -0.938526 1.36164 -0.938526
185 0.949694 0.285023 0.120918 -0.702155 0.120918
186 0.895662 0.808975 -0.471947 -0.203691 -0.471947
187 0.972477 0.962372 0.53003 0.110777 0.53003
188 0.653326 0.536225 -0.0275485 0.401166 -0.0275485
189 0.556024 0.661439 0.288216 1.18611 0.288216
190 0.747677 0.812712 0.815138 0.0475443 0.815138
191 0.259378 0.0551978 0.227626 0.131608 0.227626
192 0.22057 0.045307 -1.05229 -0.0629168 -1.05229
193 0.361159 0.167444 0.154494 0.669884 0.154494
194 0.116338 0.536764 -0.0575356 -0.770515 -0.0575356
195 0.667509 0.971226 1.28864 0.483632 1.28864
196 0.016997 0.95847 -0.223229 -1.08945 -0.223229
197 0.398397 0.963526 0.890171 0.998588 0.890171
198 0.740592 0.106534 -0.368371 -0.263789 -0.368371
199 0.715672 0.693866 1.56124 0.275048 1.56124
200 0.585127 0.909211 0.524681 1.21987 0.524681
201 0.993238 0.105371 -0.611877 -0.829382 -0.611877
202 0.394716 0.959984 -0.0952668 0.959777 -0.0952668
203 0.0319148 0.0189973 0.936192 -1.22954 0.936192
204 0.888538 0.631139 -0.421132 -0.376947 -0.421132
205 0.53888 0.640843 0.8869 1.25546 0.8869
206 0.949456 0.0323942 -0.66402 -0.754531 -0.66402
207 0.399021 0.971324 0.899333 1.00921 0.899333
208 0.480433 0.540999 1.07608 1.19281 1.07608
209 0.759 0.725144 -0.222211 0.0901866 -0.222211
210 0.201481 0.999959 1.06768 -0.660333 1.06768
211 0.844872 0.472447 0.395647 -0.398038 0.395647
212 0.988404 0.753796 0.771421 -0.536224 0.771421
213 0.668942 0.0522655 -1.19747 -0.00241784 -1.19747
214 0.545381 0.625372 1.09902 1.19096 1.09902
215 0.36779 0.16996 1.23609 0.719823 1.23609
216 0.719295 0.695321 0.60982 0.255433 0.60982
217 0.534617 0.0835826 0.0742743 1.05635 0.0742743
218 0.63826 0.989054 0.687564 0.747774 0.687564
219 0.970609 0.95645 0.440256 0.0908181 0.440256
220 0.634869 0.231371 1.05981 1.00188 1.05981
221 0.883431 0.598234 -0.251239 -0.398726 -0.251239
222 0.2661 0.203021 -0.397463 -0.0618472 -0.397463
223 0.812732 0.239852 -0.540263 -0.0615037 -0.540263
224 0.55847 0.487626 -0.466916 0.942182 -0.466916
225 0.425343 0.381308 0.356345 1.03992 0.356345
226 0.198886 0.478507 1.12268 -0.514174 1.12268
227 0.0167535 0.72287 -0.376104 -0.806382 -0.376104
228 0.62004 0.53557 0.220663 0.59849 0.220663
229 0.959798 0.760767 0.0884498 -0.436102 0.0884498
230 0.428141 0.0111906 0.462686 0.747824 0.462686
231 0.652266 0.995613 0.440343 0.611049 0.440343
232 0.553215 0.641574 0.25116 1.17046 0.25116
233 0.9979 0.799764 0.421678 -0.405459 0.421678
234 0.530288 0.225603 -0.0902151 1.70368 -0.0902151
235 0.880747 0.63824 -0.0274008 -0.349833 -0.0274008
236 0.236746 0.257937 0.137725 -0.310189 0.137725
237 0.0781617 0.541589 0.657395 -0.887436 0.657395
238 0.284068 0.667704 -0.183068 -0.0493977 -0.183068
239 0.225755 0.0392317 -0.531187 -0.0236418 -0.531187
240 0.748959 0.782725 -0.437263 0.0968834 -0.437263
241 0.952101 0.0400804 -0.665077 -0.7549 -0.665077
242 0.425744 0.385914 0.814075 1.03272 0.814075
243 0.0232534 0.00277966 0.219692 -1.32332 0.219692
244 0.0506503 0.271941 0.401956 -0.711119 0.401956
245 0.620561 0.532566 0.863422 0.590566 0.863422
246 0.800668 0.947125 -1.06873 -0.163839 -1.06873
247 0.161568 0.683314 -0.5764 -0.511335 -0.5764
248 0.526508 0.233945 0.335968 1.76623 0.335968
249 0.827672 0.274389 -0.578922 -0.133272 -0.578922
250 0.297809 0.891171 0.349476 0.0252281 0.349476
251 0.162691 0.677416 -0.286548 -0.513122 -0.286548
252 0.033139 0.275628 0.0308188 -0.753913 0.0308188
253 0.981791 0.699779 0.787868 -0.563753 0.787868
254 0.965213 0.951306 0.342195 0.068459 0.342195
255 0.0161201 0.00726394 0.395318 -1.35969 0.395318
256 0.943569 0.44324 -1.05246 -0.637486 -1.05246
257 0.652452 0.00820887 1.8332 -0.0782634 1.8332
258 0.314458 0.95989 1.30436 0.156167 1.30436
259 0.988676 0.110051 -0.814266 -0.822889 -0.814266
260 0.761257 0.796522 1.03632 0.0412798 1.03632
261 0.81815 0.461201 -0.561589 -0.321054 -0.561589
262 0.98905 0.787272 -1.45882 -0.429479 -1.45882
263 0.648963 0.992737 -0.655291 0.644209 -0.655291
264 0.3479 0.964433 -0.423562 0.491052 -0.423562
265 0.943994 0.0335676 0.516746 -0.751132 0.516746
266 0.00859367 0.881613 0.228057 -0.989854 0.228057
267 0.438878 0.0179328 0.743756 0.801414 0.743756
268 0.397584 0.963636 1.33488 0.990481 1.33488
269 0.966586 0.958568 1.15417 0.0904353 1.15417
270 0.794981 0.974873 0.333364 -0.198651 0.333364
271 0.982414 0.77036 0.568631 -0.467724 0.568631
272 0.824708 0.24514 -0.525145 -0.104185 -0.525145
273 0.63067 0.224158 1.14777 1.00004 1.14777
274 0.662431 0.0115085 0.774035 -0.13246 0.774035
275 0.297959 0.954476 0.926626 -0.00621964 0.926626
276 0.432045 0.376824 0.871218 1.10219 0.871218
277 0.301794 0.428355 1.07691 0.0422955 1.07691
278 0.833102 0.446361 -0.130577 -0.342428 -0.130577
279 0.261235 0.213006 -0.362562 -0.117143 -0.362562
280 0.0795197 0.172922 -1.12608 -0.723789 -1.12608
281 0.300282 0.879545 0.0032091 0.0539189 0.0032091
282 0.768864 0.733153 0.140877 0.0737892 0.140877
283 0.891163 0.620498 0.322395 -0.394434 0.322395
284 0.541936 0.0772252 -0.528397 0.978358 -0.528397
285 0.0821216 0.506893 0.363708 -0.91604 0.363708
286 0.990586 0.255336 0.295364 -0.912081 0.295364
287 0.735042 0.105093 -0.283625 -0.231666 -0.283625
288 0.746601 0.0923952 0.949671 -0.3653 0.949671
289 0.19765 0.999966 0.853389 -0.670597 0.853389
290 0.0327952 0.364558 0.332569 -0.888461 0.332569
291 0.357799 0.165713 -0.166441 0.644535 -0.166441
292 0.00433795 0.971666 0.0644734 -1.1431 0.0644734
293 0.715187 0.699956 -0.063064 0.287462 -0.063064
294 0.706747 0.0181995 -0.00343255 -0.407476 -0.00343255
295 0.483058 0.548693 1.43887 1.22237 1.43887
296 0.73482 0.700727 0.209836 0.170027 0.209836
297 0.557257 0.869263 -0.471867 1.42033 -0.471867
298 0.0256563 0.00669756 -0.878705 -1.29812 -0.878705
299 0.0167998 0.336545 0.35816 -0.886132 0.35816
300 0.126382 0.728411 0.499846 -0.55447 0.499846
301 0.985901 0.976952 -0.258146 0.179551 -0.258146
302 0.987202 0.269462 0.260202 -0.884922 0.260202
303 0.405259 0.0228772 -0.0593625 0.697463 -0.0593625
304 0.642822 0.988184 -0.0458739 0.70479 -0.0458739
305 0.818186 0.466742 -0.993511 -0.328034 -0.993511
306 0.0183507 0.353816 -0.0836168 -0.909657 -0.0836168
307 0.553437 0.21457 1.67258 1.49499 1.67258
308 0.552165 0.883759 0.263131 1.47277 0.263131
309 0.881902 0.631982 0.121669 -0.359381 0.121669
310 0.301406 0.586123 -0.726254 0.0292451 -0.726254
311 0.876248 0.80893 -0.45338 -0.171423 -0.45338
312 0.660905 0.36868 -0.594758 0.614928 -0.594758
313 0.760211 0.80212 0.867703 0.0335857 0.867703
314 0.876436 0.81309 -0.124909 -0.168436 -0.124909
315 0.28267 0.223177 1.14809 0.0491932 1.14809
316 0.547669 0.629553 0.842619 1.18408 0.842619
317 0.528853 0.0917643 -0.333816 1.13161 -0.333816
318 0.297747 0.438891 0.270933 0.00445796 0.270933
319 0.24604 0.239711 -0.483007 -0.269827 -0.483007
320 0.729168 0.707964 0.663846 0.215398 0.663846
321 0.112134 0.546214 0.0224611 -0.774272 0.0224611
322 0.550067 0.0625902 -0.618045 0.858912 -0.618045
323 0.0204499 0.953878 -0.678086 -1.07341 -0.678086
324 0.886298 0.820825 -0.28086 -0.176167 -0.28086
325 0.839806 0.813245 0.506663 -0.110769 0.506663
326 0.967769 0.264713 -0.068188 -0.795139 -0.068188
327 0.049481 0.0183722 0.478609 -1.11878 0.478609
328 0.0966464 0.713526 1.02841 -0.637072 1.02841
329 0.978066 0.809829 -0.0667617 -0.338236 -0.0667617
330 0.498332 0.543506 -0.0778289 1.31597 -0.0778289
331 0.637209 0.999293 0.438188 0.754296 0.438188
332 0.522714 0.237342 -0.305502 1.80739 -0.305502
333 0.130719 0.953026 -0.103231 -0.788698 -0.103231
334 0.811332 0.45822 -1.11969 -0.30013 -1.11969
335 0.998495 0.113569 -0.00164723 -0.846647 -0.00164723
336 0.97132 0.945902 0.652194 0.06177 0.652194
337 0.54798 0.635445 0.263654 1.19188 0.263654
338 0.251816 0.664435 0.142582 -0.286959 0.142582
339 0.823981 0.439964 0.413929 -0.310607 0.413929
340 0.00723212 0.718233 -0.690115 -0.835113 -0.690115
341 0.636872 0.226203 0.612398 0.96574 0.612398
342 0.301891 0.95435 -0.482995 0.0329773 -0.482995
343 0.4167 0.0219612 0.039709 0.735518 0.039709
344 0.291576 0.983359 0.292121 -0.0867096 0.292121
345 0.347455 0.592653 1.4254 0.35215 1.4254
346 0.736847 0.693356 0.230355 0.146378 0.230355
347 0.803769 0.453703 -0.290413 -0.274651 -0.290413
348 0.989865 0.986409 -0.456196 0.218293 -0.456196
349 0.989404 0.80987 -0.660667 -0.356757 -0.660667
350 0.0187383 0.7279 -0.284175 -0.794284 -0.284175
351 0.163919 0.685501 0.38566 -0.503894 0.38566
352 0.893587 0.631331 -0.742169 -0.389438 -0.742169
353 0.598986 0.219118 -0.164376 1.19839 -0.164376
354 0.10754 0.539708 0.761544 -0.795695 0.761544
355 0.397111 0.0138082 0.315579 0.652725 0.315579
356 0.986616 0.978622 -0.100704 0.186306 -0.100704
357 0.127703 0.961401 0.332116 -0.807398 0.332116
358 0.348207 0.163141 -0.441733 0.575091 -0.441733
359 0.97182 0.936747 0.182007 0.0361612 0.182007
360 0.200263 0.45435 0.451883 -0.495991 0.451883
361 0.581087 0.855624 0.233927 1.22853 0.233927
362 0.991517 0.111893 -0.546686 -0.830159 -0.546686
363 0.836951 0.441075 -0.0871161 -0.347276 -0.0871161
364 0.872989 0.80907 -0.0305219 -0.165897 -0.0305219
365 0.217635 0.403501 0.605399 -0.417466 0.605399
366 0.762156 0.815174 0.0667246 0.00794992 0.0667246
367 0.662765 0.992789 0.212485 0.512291 0.212485
368 0.644713 0.363396 0.87037 0.732864 0.87037
369 0.0303001 0.354917 -0.0530397 -0.880424 -0.0530397
370 0.645807 0.99682 -0.0225189 0.672475 -0.0225189
371 0.66841 0.0218703 0.818422 -0.129014 0.818422
372 0.342476 0.600134 0.30873 0.323759 0.30873
373 0.93743 0.483594 -0.268914 -0.614455 -0.268914
374 0.544068 0.221646 1.65753 1.59076 1.65753
375 0.621927 0.383598 -0.467947 0.829044 -0.467947
376 0.976979 0.4835 0.436669 -0.702556 0.436669
377 0.826857 0.458987 -0.502245 -0.340204 -0.502245
378 0.302739 0.591841 0.74856 0.0418719 0.74856
379 0.989966 0.788997 -0.641858 -0.425808 -0.641858
380 0.974757 0.489399 -0.141155 -0.694072 -0.141155
381 0.0771964 0.509077 0.987225 -0.929989 0.987225
382 0.497798 0.54505 -0.257025 1.31497 -0.257025
383 0.244867 0.26159 0.0919655 -0.294703 0.0919655
384 0.996454 0.100519 -0.292679 -0.832263 -0.292679
385 0.584153 0.496725 0.281131 0.763533 0.281131
386 0.546814 0.633387 0.908316 1.19551 0.908316
387 0.29574 0.896258 -0.474995 0.00326185 -0.474995
388 0.828652 0.441946 1.14832 -0.325626 1.14832
389 0.108106 0.546936 1.12461 -0.786267 1.12461
390 0.266634 0.208877 -0.634705 -0.0662988 -0.634705
391 0.530347 0.228226 0.509889 1.71468 0.509889
392 0.75817 0.725312 0.0994459 0.0928103 0.0994459
393 0.645667 0.365602 0.75137 0.721215 0.75137
394 0.000612849 0.965436 0.779067 -1.14288 0.779067
395 0.409955 0.958896 1.64456 1.11164 1.64456
396 0.560346 0.673895 1.09394 1.18045 1.09394
397 0.660541 0.0116236 0.489655 -0.119018 0.489655
398 0.543244 0.0790343 0.995124 0.97722 0.995124
399 0.557953 0.659948 1.42617 1.17205 1.42617
400 0.223896 0.0462738 -0.930564 -0.0447412 -0.930564
401 0.881771 0.644354 -0.355779 -0.345965 -0.355779
402 0.0328359 0.51888 0.0338497 -1.06485 0.0338497
403 0.0113955 0.88373 -0.689715 -0.986434 -0.689715
404 0.827819 0.273521 0.925931 -0.132976 0.925931
405 0.270997 0.236034 0.506743 -0.0681767 0.506743
406 0.658605 0.357406 -0.468512 0.65709 -0.468512
407 0.304763 0.584849 -0.733133 0.0516048 -0.733133
408 0.987592 0.118537 -0.411262 -0.825475 -0.411262
409 0.83351 0.257078 0.603882 -0.142232 0.603882
410 0.223932 0.047859 0.0183387 -0.0467779 0.0183387
411 0.281405 0.892553 -0.17145 -0.127975 -0.17145
412 0.8772 0.822406 -1.35424 -0.162095 -1.35424
413 0.0240045 0.00132921 -0.646495 -1.32173 -0.646495
414 0.521739 0.201127 1.12894 1.65655 1.12894
415 0.895179 0.634856 -0.535727 -0.389885 -0.535727
416 0.00597826 0.957629 0.526601 -1.11657 0.526601
417 0.560117 0.82613 -0.15626 1.36488 -0.15626
418 0.549217 0.0750987 0.180443 0.919039 0.180443
419 0.715063 0.696296 1.19575 0.282512 1.19575
420 0.101317 0.714111 0.612607 -0.625701 0.612607
421 0.0073048 0.883391 1.39759 -0.995768 1.39759
422 0.763214 0.173595 0.739582 -0.0890048 0.739582
423 0.969856 0.266592 0.353999 -0.804144 0.353999
424 0.670193 0.00919021 -0.0707019 -0.195562 -0.0707019
425 0.674451 0.982679 0.296473 0.409456 0.296473
426 0.00600506 0.00864199 -0.469303 -1.42266 -0.469303
427 0.88739 0.81603 -0.86352 -0.182649 -0.86352
428 0.562584 0.665889 0.358873 1.15386 0.358873
429 0.883298 0.635872 0.399946 -0.3588 0.399946
430 0.441685 0.0160511 1.26867 0.805458 1.26867
431 0.840418 0.441911 -0.467701 -0.357551 -0.467701
432 0.192863 0.422864 -0.540465 -0.500192 -0.540465
433 0.246577 0.244413 0.163144 -0.277317 0.163144
434 0.985412 0.118455 -0.111601 -0.820405 -0.111601
435 0.87931 0.641995 0.56565 -0.342179 0.56565
436 0.994732 0.805388 0.396861 -0.380612 0.396861
437 0.402339 0.0060477 0.765881 0.655035 0.765881
438 0.965214 0.480417 -0.607214 -0.677854 -0.607214
439 0.741597 0.809501 0.451707 0.0958113 0.451707
440 0.975132 0.941993 0.312049 0.0552889 0.312049
441 0.318209 0.956674 0.814116 0.194695 0.814116
442 0.721802 0.69338 0.660198 0.237273 0.660198
443 0.204041 0.40442 0.64197 -0.456914 0.64197
444 0.0989729 0.204733 0.0859594 -0.626321 0.0859594
445 0.740559 0.702726 0.00797807 0.138435 0.00797807
446 0.797369 0.970312 -0.328098 -0.189772 -0.328098
447 0.512755 0.199468 1.16354 1.71165 1.16354
448 0.00687129 0.014846 0.367237 -1.40029 0.367237
449 0.819281 0.277937 -0.670881 -0.0982955 -0.670881
450 0.0282095 0.163332 0.421996 -0.923327 0.421996
451 0.707556 0.0120056 -0.215673 -0.439457 -0.215673
452 0.533015 0.221979 -0.331696 1.66899 -0.331696
453 0.786579 0.46214 0.524325 -0.243966 0.524325
454 0.646058 0.372767 1.79896 0.700987 1.79896
455 0.813247 0.471291 -0.764183 -0.321981 -0.764183
456 0.0308185 0.337256 0.466118 -0.85231 0.466118
457 0.293751 0.966385 1.09853 -0.0548224 1.09853
458 0.483647 0.540065 1.3768 1.21271 1.3768
459 0.230619 0.653842 0.94601 -0.354143 0.94601
460 0.972558 0.95703 1.02548 0.0955041 1.02548
461 0.254078 0.225547 -0.53735 -0.199045 -0.53735
462 0.82623 0.455739 -0.518627 -0.334895 -0.518627
463 0.301044 0.967092 0.00720024 0.0183615 0.00720024
464 0.305313 0.587116 -0.93821 0.0567854 -0.93821
465 0.990782 0.991508 -0.670196 0.237042 -0.670196
466 0.220388 0.02509 -0.380238 -0.0367135 -0.380238
467 0.752779 0.112944 0.0658319 -0.307507 0.0658319
468 0.517527 0.237893 0.657327 1.84585 0.657327
469 0.880713 0.642541 0.784343 -0.345181 0.784343
470 0.981538 0.804784 -0.0738895 -0.359489 -0.0738895
471 0.814559 0.263801 0.345451 -0.0581692 0.345451
472 0.881307 0.807722 -0.59818 -0.180932 -0.59818
473 0.620099 0.53517 0.742062 0.597497 0.742062
474 0.532339 0.0745381 0.671709 1.03271 0.671709
475 0.960221 0.0353155 -0.99368 -0.760581 -0.99368
476 0.328017 0.968666 0.186051 0.29018 0.186051
477 0.407341 0.00858697 0.0307615 0.675647 0.0307615
478 0.289443 0.429094 0.00718093 -0.0474612 0.00718093
479 0.481553 0.544487 1.50234 1.20572 1.50234
480 0.991854 0.486655 1.17754 -0.733163 1.17754
481 0.345243 0.604614 -0.142535 0.346764 -0.142535
482 0.439285 0.0159207 0.254154 0.79708 0.254154
483 0.537862 0.100444 -0.103673 1.10727 -0.103673
484 0.0838383 0.713025 1.07378 -0.667094 1.07378
485 0.0264125 0.352624 0.270524 -0.88697 0.270524
486 0.0406054 0.0181649 0.247441 -1.17587 0.247441
487 0.746488 0.781464 -0.132766 0.115446 -0.132766
488 0.105313 0.204382 0.0805004 -0.608476 0.0805004
489 0.756736 0.768857 -0.840064 0.100148 -0.840064
490 0.976973 0.0993622 0.360434 -0.794056 0.360434
491 0.588154 0.843155 0.88585 1.17035 0.88585
492 0.434164 0.0179683 0.270874 0.785556 0.270874
493 0.66652 0.534494 0.0199675 0.319793 0.0199675
494 0.543811 0.630192 0.387132 1.2083 0.387132
495 0.422596 0.376632 -0.00572993 1.02895 -0.00572993
496 0.00814637 0.722068 -0.779284 -0.827003 -0.779284
497 0.749079 0.784229 -0.664052 0.0931763 -0.664052
498 0.012305 0.717594 -0.114827 -0.824571 -0.114827
499 0.312365 0.419846 -0.646355 0.126997 -0.646355
500 0.2858 0.584516 0.52509 -0.0791396 0.52509
501 0.134617 0.968455 0.770649 -0.79861 0.770649
502 0.997141 0.489658 0.733891 -0.742151 0.733891
503 0.651288 0.198643 -1.156 0.747263 -1.156
504 0.124693 0.956369 0.199679 -0.808579 0.199679
505 0.968557 0.780828 0.133738 -0.403734 0.133738
506 0.294884 0.885932 0.256672 0.000971175 0.256672
507 0.883604 0.641234 -0.423503 -0.353937 -0.423503
508 0.839718 0.447149 -0.29739 -0.360837 -0.29739
509 0.149631 0.690305 0.0296054 -0.53478 0.0296054
510 0.971419 0.942096 0.151662 0.0510141 0.151662
511 0.971014 0.949571 -0.198092 0.0718303 -0.198092
512 0.788995 0.459782 1.17147 -0.246212 1.17147
513 0.640322 0.545749 0.831843 0.493855 0.831843
514 0.23273 0.666406 0.760356 -0.343528 0.760356
515 0.757316 0.799183 0.427522 0.04412 0.427522
516 0.988493 0.114881 -0.302464 -0.825375 -0.302464
517 0.396141 0.95608 0.917635 0.971993 0.917635
518 0.971292 0.973716 -0.0657986 0.141211 -0.0657986
519 0.00836773 0.152164 -0.405534 -1.02533 -0.405534
520 0.658992 0.513964 -0.218659 0.332098 -0.218659
521 0.657857 0.3558 -0.134889 0.665853 -0.134889
522 0.733556 0.711427 0.748848 0.194227 0.748848
523 0.254638 0.212848 -0.574142 -0.171466 -0.574142
524 0.638114 0.39527 0.261465 0.696003 0.261465
525 0.0111266 0.0126653 0.624575 -1.37853 0.624575
526 0.316318 0.952311 0.887728 0.177232 0.887728
527 0.802557 0.949988 -0.380934 -0.163635 -0.380934
528 0.00842555 0.177071 0.779498 -0.95887 0.779498
529 0.243315 0.659229 0.346811 -0.319141 0.346811
530 0.546915 0.882041 0.0954158 1.51306 0.0954158
531 0.742034 0.100308 0.0149158 -0.300206 0.0149158
532 0.87854 0.58993 -0.112821 -0.395907 -0.112821
533 0.356379 0.155278 -0.963536 0.626539 -0.963536
534 0.805225 0.253932 -0.928841 0.000541189 -0.928841
535 0.520456 0.237771 0.671425 1.82495 0.671425
536 0.564632 0.821711 0.168872 1.32943 0.168872
537 0.533592 0.0752075 0.627735 1.027 0.627735
538 0.37443 0.171652 0.997164 0.769664 0.997164
539 0.0336117 0.331817 -0.502351 -0.837186 -0.502351
540 0.807677 0.246586 -0.0124098 -0.0166698 -0.0124098
541 0.306966 0.582804 -1.21288 0.0654997 -1.21288
542 0.779992 0.506636 0.495957 -0.282258 0.495957
543 0.882611 0.808989 -0.716023 -0.181962 -0.716023
544 0.397927 0.951935 -0.514887 0.987532 -0.514887
545 0.545852 0.661631 -0.19491 1.24769 -0.19491
546 0.800681 0.251097 -0.051894 0.0270483 -0.051894
547 0.0247169 0.346835 1.69538 -0.882371 1.69538
548 0.0170115 0.725502 -0.546911 -0.801783 -0.546911
549 0.306098 0.444667 -0.873257 0.0585488 -0.873257
550 0.55116 0.66332 0.826762 1.21849 0.826762
551 0.401289 0.962724 1.57159 1.02719 1.57159
552 0.231206 0.0405717 -0.855368 0.00692776 -0.855368
553 0.763959 0.734635 0.0572567 0.09015 0.0572567
554 0.962088 0.455103 -0.0862012 -0.68217 -0.0862012
555 0.7521 0.78922 0.692226 0.0729643 0.692226
556 0.396553 0.958998 -0.138016 0.977648 -0.138016
557 0.962283 0.279703 -0.34686 -0.76201 -0.34686
558 0.936398 0.0308489 0.48175 -0.747984 0.48175
559 0.937632 0.0169079 -0.160292 -0.754728 -0.160292
560 0.950769 0.0182488 -0.654139 -0.757673 -0.654139
561 0.65714 0.00930586 0.0768781 -0.105663 0.0768781
562 0.815804 0.268451 -0.246658 -0.0700719 -0.246658
563 0.660953 0.0136991 0.560377 -0.112937 0.560377
564 0.155396 0.981273 -0.73347 -0.760432 -0.73347
565 0.55969 0.82049 -1.08233 1.36356 -1.08233
566 0.398205 0.951142 0.543275 0.989864 0.543275
567 0.442733 0.589981 0.340449 1.0086 0.340449
568 0.221678 0.433907 2.0093 -0.419423 2.0093
569 0.206829 0.406807 0.367854 -0.450172 0.367854
570 0.657414 0.992553 1.05099 0.563569 1.05099
571 0.676832 0.00337443 0.243446 -0.265935 0.243446
572 0.527731 0.227592 -0.0160566 1.7301 -0.0160566
573 0.0264867 0.276483 -0.324491 -0.769518 -0.324491
574 0.980097 0.114513 0.42743 -0.806483 0.42743
575 0.21327 0.43736 1.5777 -0.446645 1.5777
576 0.883103 0.811129 -0.609228 -0.180772 -0.609228
577 0.297562 0.901179 -0.56486 0.0177014 -0.56486
578 0.97509 0.494332 0.676883 -0.691817 0.676883
579 0.299954 0.884551 0.0606915 0.0484256 0.0606915
580 0.96936 0.453365 -0.952347 -0.701729 -0.952347
581 0.569358 0.495177 -0.151272 0.855941 -0.151272
582 0.584553 0.851241 0.712026 1.2004 0.712026
583 0.264984 0.0572907 0.532546 0.152609 0.532546
584 0.738007 0.79134 0.0732311 0.153097 0.0732311
585 0.962299 0.507477 -0.0599065 -0.656686 -0.0599065
586 0.353184 0.163211 -0.391288 0.610114 -0.391288
587 0.238505 0.23794 0.362882 -0.283399 0.362882
588 0.0326034 0.287267 -0.535581 -0.772588 -0.535581
589 0.427126 0.380604 0.813604 1.05532 0.813604
590 0.192594 0.440312 0.0875068 -0.511607 0.0875068
591 0.755578 0.804175 0.888462 0.0382114 0.888462
592 0.557554 0.672248 1.30974 1.19458 1.30974
593 0.528193 0.0829041 0.840155 1.09762 0.840155
594 0.885535 0.6287 0.184907 -0.371948 0.184907
595 0.216097 0.0329521 0.260419 -0.0735289 0.260419
596 0.994265 0.487162 0.434152 -0.738022 0.434152
597 0.499396 0.55712 -0.109726 1.3457 -0.109726
598 0.97016 0.103264 0.635663 -0.781872 0.635663
599 0.359512 0.619705 1.14461 0.460234 1.14461
600 0.94149 0.0161224 -1.39953 -0.755942 -1.39953
601 0.991532 0.977387 -0.0977219 0.192202 -0.0977219
602 0.554592 0.666107 0.48544 1.20238 0.48544
603 0.277703 0.258748 -0.54669 -0.0309473 -0.54669
604 0.74175 0.727879 -0.325323 0.170071 -0.325323
605 0.399832 0.960287 0.583945 1.01118 0.583945
606 0.764941 0.783426 0.483054 0.0555409 0.483054
607 0.0782012 0.198167 -0.37275 -0.69453 -0.37275
608 0.280414 0.968715 -1.11984 -0.190924 -1.11984
609 0.366266 0.620562 1.27331 0.508819 1.27331
610 0.573729 0.85118 -0.239778 1.28179 -0.239778
611 0.557926 0.0549485 -0.214993 0.771765 -0.214993
612 0.967673 0.495153 0.51747 -0.67582 0.51747
613 0.888569 0.576751 -0.403049 -0.433208 -0.403049
614 0.295248 0.967157 -0.694421 -0.0401553 -0.694421
615 0.533804 0.0658374 -0.0898101 0.984812 -0.0898101
616 0.297118 0.58088 -0.233437 -0.00330064 -0.233437
617 0.970809 0.76183 -0.821619 -0.462945 -0.821619
618 0.369126 0.194966 0.120996 0.756421 0.120996
619 0.960108 0.948532 0.61918 0.053892 0.61918
620 0.487986 0.545835 0.960516 1.25077 0.960516
621 0.0327753 0.0170789 0.443692 -1.22828 0.443692
622 0.873309 0.643126 0.657403 -0.325631 0.657403
623 0.975074 0.955006 0.348783 0.0934741 0.348783
624 0.15205 0.991391 0.944438 -0.781917 0.944438
625 0.649339 0.995908 0.321993 0.638992 0.321993
626 0.0183418 0.149749 -0.0456314 -0.992852 -0.0456314
627 0.243873 0.236368 -0.938045 -0.268596 -0.938045
628 0.533032 0.226098 -0.17176 1.68677 -0.17176
629 0.974377 0.942187 0.943963 0.0549274 0.943963
630 0.816705 0.269211 0.599184 -0.0753193 0.599184
631 0.71745 0.69858 0.271482 0.271646 0.271482
632 0.582816 0.897639 0.101476 1.23405 0.101476
633 0.647991 0.017337 0.183746 -0.0085111 0.183746
634 0.43626 0.397603 0.780781 1.0861 0.780781
635 0.0897127 0.198077 1.23881 -0.660276 1.23881
636 0.670975 0.0239734 -0.0139309 -0.137588 -0.0139309
637 0.676137 0.049369 -0.77085 -0.0642379 -0.77085
638 0.311845 0.957575 0.0552064 0.13086 0.0552064
639 0.204837 0.4837 0.516428 -0.497422 0.516428
640 0.0165428 0.157378 0.93309 -0.980751 0.93309
641 0.953838 0.0353255 -0.772812 -0.756651 -0.772812
642 0.0264041 0.00628752 -0.621189 -1.29414 -0.621189
643 0.64626 0.547577 0.240298 0.461351 0.240298
644 0.558898 0.672355 0.0902061 1.18666 0.0902061
645 0.360415 0.617906 0.663013 0.46498 0.663013
646 0.407265 0.611313 -0.316862 0.788246 -0.316862
647 0.961602 0.261167 0.0184223 -0.767094 0.0184223
648 0.588356 0.844955 0.847691 1.1695 0.847691
649 0.758342 0.792001 0.433222 0.0549538 0.433222
650 0.0203659 0.351248 0.905349 -0.900403 0.905349
651 0.282075 0.215731 1.01045 0.0523395 1.01045
652 0.253408 0.0521085 0.17452 0.111457 0.17452
653 0.662952 0.357711 -0.469602 0.628004 -0.469602
654 0.995595 0.801249 -0.433616 -0.396132 -0.433616
655 0.256866 0.208178 -0.164386 -0.144927 -0.164386
656 0.0289704 0.00177742 -0.511147 -1.28741 -0.511147
657 0.018891 0.00102221 -0.874763 -1.35678 -0.874763
658 0.555281 0.812411 -0.337132 1.388 -0.337132
659 0.715978 0.704353 0.633484 0.28953 0.633484
660 0.970413 0.507677 -0.09373 -0.673256 -0.09373
661 0.572336 0.846298 0.394749 1.28936 0.394749
662 0.624216 0.387078 0.326721 0.80546 0.326721
663 0.964608 0.69124 -0.538646 -0.522712 -0.538646
664 0.0239261 0.960939 -0.500996 -1.07537 -0.500996
665 0.256943 0.230589 -0.620726 -0.183173 -0.620726
666 0.660072 0.982461 -0.319134 0.544906 -0.319134
667 0.390961 0.00271843 0.128189 0.614508 0.128189
668 0.0362693 0.32941 0.874113 -0.827064 0.874113
669 0.977688 0.947021 -0.0441651 0.0735039 -0.0441651
670 0.970563 0.759271 -0.468055 -0.469558 -0.468055
671 0.202329 0.447372 0.263304 -0.485617 0.263304
672 0.554812 0.878714 -0.0124606 1.44735 -0.0124606
673 0.0362853 0.0123549 0.449554 -1.21585 0.449554
674 0.0196673 0.152992 -0.0671831 -0.979748 -0.0671831
675 0.106741 0.722777 0.11873 -0.604061 0.11873
676 0.0275271 0.34769 0.00133899 -0.876525 0.00133899
677 0.77167 0.814876 0.328368 -0.00615449 0.328368
678 0.886871 0.635457 -0.404474 -0.368271 -0.404474
679 0.526709 0.0864684 1.16813 1.12333 1.16813
680 0.567204 0.850293 -0.0665218 1.33027 -0.0665218
681 0.126437 0.96352 -0.704645 -0.813453 -0.704645
682 0.764435 0.092616 -0.482094 -0.413456 -0.482094
683 0.555698 0.636261 -0.19161 1.14684 -0.19161
684 0.665762 0.982119 -0.302184 0.491637 -0.302184
685 0.0074834 0.020748 -0.218489 -1.38054 -0.218489
686 0.829363 0.256498 0.286444 -0.1213 0.286444
687 0.547206 0.705145 -0.895696 1.31098 -0.895696
688 0.813176 0.951187 -0.223198 -0.149417 -0.223198
689 0.0963122 0.19906 0.446702 -0.639589 0.446702
690 0.971083 0.947434 0.340667 0.06583 0.340667
691 0.742215 0.788666 0.529133 0.130006 0.529133
692 0.245543 0.266579 -0.26663 -0.294857 -0.26663
693 0.958595 0.512035 -0.182635 -0.645511 -0.182635
694 0.542324 0.087393 0.197818 1.01985 0.197818
695 0.966126 0.955866 -0.0121491 0.0822862 -0.0121491
696 0.953012 0.449082 -0.1575 -0.660987 -0.1575
697 0.995937 0.984052 -0.17154 0.223636 -0.17154
698 0.647217 0.0340622 0.734331 0.0686249 0.734331
699 0.706579 0.704886 0.317541 0.347171 0.317541
700 0.224675 0.660007 1.15417 -0.366878 1.15417
701 0.83558 0.465393 -0.487973 -0.368805 -0.487973
702 0.362644 0.162579 0.539093 0.676017 0.539093
703 0.0723469 0.54295 -0.310607 -0.904302 -0.310607
704 0.487541 0.537608 1.40818 1.23465 1.40818
705 0.631034 0.23296 0.856921 1.03538 0.856921
706 0.6494 0.985049 -0.00631827 0.643969 -0.00631827
707 0.0791493 0.220643 1.68933 -0.66199 1.68933
708 0.301556 0.962139 1.35036 0.0259079 1.35036
709 0.540135 0.221776 0.0343862 1.61865 0.0343862
710 0.632067 0.199358 -0.361443 0.883645 -0.361443
711 0.968576 0.951556 0.267675 0.073981 0.267675
712 0.943653 0.48426 -0.483664 -0.628152 -0.483664
713 0.301046 0.579224 -0.330961 0.0226779 -0.330961
714 0.850433 0.475371 0.351185 -0.413676 0.351185
715 0.934851 0.0266261 0.5177 -0.749257 0.5177
716 0.292119 0.572827 -0.0398876 -0.0420021 -0.0398876
717 0.0421681 0.551186 -0.0309236 -0.988875 -0.0309236
718 0.350279 0.590195 1.79478 0.3696 1.79478
719 0.00757319 0.152095 -0.757635 -1.02857 -0.757635
720 0.964873 0.691186 -1.11456 -0.523475 -1.11456
721 0.98238 0.798894 0.287339 -0.379218 0.287339
722 0.0461895 0.551591 0.0864678 -0.975688 0.0864678
723 0.00293313 0.961912 0.645406 -1.13125 0.645406
724 0.291341 0.44367 -0.600829 -0.044633 -0.600829
725 0.981934 0.76957 0.610369 -0.468962 0.610369
726 0.951324 0.0300254 -0.663513 -0.755947 -0.663513
727 0.66716 0.369475 0.881594 0.572531 0.881594
728 0.986964 0.813711 -0.155437 -0.34046 -0.155437
729 0.391122 0.0152887 -0.0470665 0.635494 -0.0470665
730 0.874513 0.641116 -0.0563323 -0.330887 -0.0563323
731 0.0123212 0.733157 -0.203277 -0.800396 -0.203277
732 0.222246 0.0494121 -0.32872 -0.0587518 -0.32872
733 0.483679 0.538534 1.09704 1.21051 1.09704
734 0.724017 0.721049 -0.20416 0.266864 -0.20416
735 0.986971 0.481195 0.18641 -0.726524 0.18641
736 0.0245972 0.346822 0.628072 -0.882656 0.628072
737 0.486014 0.544617 0.902506 1.23567 0.902506
738 0.966545 0.936658 -0.13995 0.0300253 -0.13995
739 0.127687 0.961719 -0.0622666 -0.807856 -0.0622666
740 0.748111 0.767093 -0.738277 0.132618 -0.738277
741 0.5463 0.0669125 -0.652436 0.903567 -0.652436
742 0.936845 0.0374255 0.185085 -0.745237 0.185085
743 0.418539 0.395545 -0.232776 0.956479 -0.232776
744 0.0151107 0.952646 0.64064 -1.08522 0.64064
745 0.164976 0.680719 0.164844 -0.504937 0.164844
746 0.00523769 0.291598 0.545476 -0.84034 0.545476
747 0.443806 0.00857129 0.646685 0.79045 0.646685
748 0.970924 0.766137 -0.708717 -0.450983 -0.708717
749 0.99124 0.983849 -0.661518 0.212889 -0.661518
750 0.938638 0.241672 0.27277 -0.661268 0.27277
751 0.574603 0.900625 -0.0536148 1.30297 -0.0536148
752 0.0630348 0.539173 0.130739 -0.938809 0.130739
753 0.792936 0.986783 1.05427 -0.214827 1.05427
754 0.980018 0.940442 -0.259719 0.0565786 -0.259719
755 0.741607 0.0864387 0.186697 -0.356236 0.186697
756 0.660885 0.987793 0.316234 0.533642 0.316234
757 0.565071 0.661847 0.803131 1.13228 0.803131
758 0.832091 0.261824 0.782065 -0.140418 0.782065
759 0.276346 0.221415 1.12279 -0.00256296 1.12279
760 0.584657 0.838702 0.101471 1.19439 0.101471
761 0.754378 0.790906 0.166508 0.0650545 0.166508
762 0.01585 0.718013 -0.332928 -0.815858 -0.332928
763 0.284958 0.416238 0.0791708 -0.0711433 0.0791708
764 0.00990166 0.0165996 0.366301 -1.37613 0.366301
765 0.0264333 0.521399 -0.144558 -1.08231 -0.144558
766 0.661837 0.0116173 0.184727 -0.127926 0.184727
767 0.577425 0.844453 0.442734 1.25048 0.442734
768 0.396717 0.0169858 0.750563 0.657063 0.750563
769 0.00990263 0.157642 -0.417512 -1.00499 -0.417512
770 0.407098 0.0206272 0.817346 0.699345 0.817346
771 0.960649 0.952659 0.137832 0.0654697 0.137832
772 0.498916 0.541147 -0.170406 1.31595 -0.170406
773 0.97541 0.952926 0.441879 0.0878525 0.441879
774 0.0968602 0.21448 -0.114125 -0.622744 -0.114125
775 0.194563 0.419213 -0.49381 -0.492955 -0.49381
776 0.985489 0.240583 0.781314 -0.88588 0.781314
777 0.289388 0.43365 -0.290966 -0.0511511 -0.290966
778 0.103296 0.200423 -0.0785824 -0.617686 -0.0785824
779 0.186239 0.456349 0.136484 -0.541458 0.136484
780 0.805511 0.952489 0.496687 -0.161362 0.496687
781 0.529164 0.219978 -0.204833 1.68703 -0.204833
782 0.951354 0.44649 -1.44755 -0.657462 -1.44755
783 0.963232 0.450005 -0.792795 -0.687464 -0.792795
784 0.339889 0.601011 1.15785 0.306433 1.15785
785 0.887225 0.846845 0.0241562 -0.150722 0.0241562
786 0.826366 0.449163 0.499414 -0.327696 0.499414
787 0.534264 0.706583 -0.290937 1.39158 -0.290937
788 0.292597 0.438054 0.198281 -0.0315103 0.198281
789 0.997989 0.693829 0.764366 -0.612284 0.764366
790 0.0214057 0.721967 -0.191551 -0.797275 -0.191551
791 0.420023 0.598211 0.772483 0.861748 0.772483
792 0.822958 0.445759 0.575959 -0.314685 0.575959
793 0.994828 0.110694 0.149323 -0.836479 0.149323
794 0.979649 0.471471 -1.61919 -0.716403 -1.61919
795 0.00133091 0.0142527 0.348291 -1.43769 0.348291
796 0.294311 0.57964 -0.204393 -0.0232576 -0.204393
797 0.667372 0.537747 -0.884766 0.319862 -0.884766
798 0.136297 0.957107 -0.508455 -0.779617 -0.508455
799 0.908057 0.638119 0.0765117 -0.419279 0.0765117
800 0.424025 0.388563 -0.103681 1.01361 -0.103681
801 0.958203 0.450756 -0.793233 -0.673975 -0.793233
802 0.789553 0.973757 0.833152 -0.20799 0.833152
803 0.645831 0.198051 0.139197 0.782568 0.139197
804 0.0125377 0.154837 -0.637726 -1.00235 -0.637726
805 0.659267 0.0120265 0.513532 -0.108565 0.513532
806 0.631526 0.548725 -0.581272 0.551085 -0.581272
807 0.962335 0.471528 -0.615234 -0.675362 -0.615234
808 0.103173 0.711638 -0.598621 -0.624113 -0.598621
809 0.0224219 0.00343922 -0.305431 -1.32729 -0.305431
810 0.029367 0.352593 -0.149763 -0.879301 -0.149763
811 0.0991441 0.204189 -0.372229 -0.626345 -0.372229
812 0.877395 0.635277 0.669701 -0.344505 0.669701
813 0.988486 0.701184 0.151723 -0.581317 0.151723
814 0.288892 0.662017 -0.112705 -0.0170225 -0.112705
815 0.0155829 0.72521 -0.529047 -0.805425 -0.529047
816 0.523886 0.231468 0.660126 1.77368 0.660126
817 0.961566 0.264366 0.386867 -0.7655 0.386867
818 0.0125387 0.163776 -0.221373 -0.979273 -0.221373
819 0.358321 0.168251 0.239528 0.650288 0.239528
820 0.280156 0.250827 0.696085 -0.00368104 0.696085
821 0.0101176 0.718627 0.267987 -0.827938 0.267987
822 0.446855 0.385653 0.373127 1.19582 0.373127
823 0.0230133 0.535722 -0.0251396 -1.07216 -0.0251396
824 0.880052 0.63922 0.845021 -0.347026 0.845021
825 0.310423 0.449731 0.498215 0.0841595 0.498215
826 0.999367 0.492057 1.28344 -0.744816 1.28344
827 0.937673 0.0193482 -1.19382 -0.753672 -1.19382
828 0.867512 0.826165 1.04428 -0.146555 1.04428
829 0.555367 0.217446 1.3628 1.49407 1.3628
830 0.0189107 0.33899 1.45813 -0.884746 1.45813
831 0.553225 0.220627 1.62204 1.52274 1.62204
832 0.537195 0.62551 0.97772 1.24034 0.97772
833 0.127275 0.706119 0.337817 -0.573757 0.337817
834 0.489916 0.552731 0.266434 1.27477 0.266434
835 0.964578 0.936614 -0.729194 0.0277146 -0.729194
836 0.989868 0.781649 -0.17286 -0.449569 -0.17286
837 0.644623 0.205285 -0.258452 0.822023 -0.258452
838 0.154002 0.694412 0.480207 -0.52086 0.480207
839 0.0221536 0.00493951 0.284346 -1.32548 0.284346
840 0.344526 0.603629 0.436129 0.340936 0.436129
841 0.15269 0.977175 -0.00631514 -0.762434 -0.00631514
842 0.449588 0.391378 1.33343 1.20252 1.33343
843 0.884062 0.636353 -0.090488 -0.36023 -0.090488
844 0.111186 0.726914 -0.0153965 -0.589769 -0.0153965
845 0.545916 0.63134 1.20558 1.19754 1.20558
846 0.0171331 0.356753 1.07946 -0.917485 1.07946
847 0.666791 0.530081 -0.627495 0.311196 -0.627495
848 0.619327 0.206119 0.433735 1.00113 0.433735
849 0.350874 0.163862 0.579617 0.594279 0.579617
850 0.931601 0.0334014 0.473046 -0.744037 0.473046
851 0.802321 0.967441 0.180971 -0.178273 0.180971
852 0.751354 0.0872644 -0.50643 -0.412768 -0.50643
853 0.578216 0.840209 0.872393 1.24245 0.872393
854 0.878736 0.636213 0.77127 -0.346896 0.77127
855 0.431549 0.393304 0.218814 1.06036 0.218814
856 0.730056 0.785379 0.462017 0.216028 0.462017
857 0.812382 0.454655 -0.57301 -0.298105 -0.57301
858 0.770688 0.98481 -0.0113655 -0.260919 -0.0113655
859 0.7023 0.0150642 -0.0109702 -0.390385 -0.0109702
860 0.760882 0.732664 -0.680838 0.0960893 -0.680838
861 0.472471 0.529258 1.08272 1.12205 1.08272
862 0.824919 0.45648 -0.689845 -0.332408 -0.689845
863 0.298343 0.584785 -0.7341 0.00736159 -0.7341
864 0.401772 0.96289 0.549497 1.03214 0.549497
865 0.825309 0.464142 -0.0913461 -0.342289 -0.0913461
866 0.659253 0.356305 -0.452886 0.655523 -0.452886
867 0.130343 0.978541 1.223 -0.822871 1.223
868 0.536823 0.225847 -0.0838601 1.65934 -0.0838601
869 0.518451 0.0882936 0.166657 1.18813 0.166657
870 0.0257106 0.354776 -0.227111 -0.892104 -0.227111
871 0.987825 0.104701 0.0297567 -0.817959 0.0297567
872 0.421875 0.0232939 1.28728 0.756754 1.28728
873 0.575519 0.511067 1.10443 0.823932 1.10443
874 0.801789 0.957212 -0.465529 -0.170718 -0.465529
875 0.954937 0.0370765 -0.304046 -0.757178 -0.304046
876 0.679634 0.0485927 -0.573549 -0.0915786 -0.573549
877 0.116031 0.72117 0.199438 -0.584788 0.199438
878 0.609141 0.217885 -0.162433 1.12255 -0.162433
879 0.754383 0.0962032 -0.602721 -0.380651 -0.602721
880 0.25383 0.658893 -0.204331 -0.274095 -0.204331
881 0.246293 0.241831 -0.53655 -0.273167 -0.53655
882 0.528149 0.0820576 -0.110499 1.09424 -0.110499
883 0.084702 0.549335 0.0218211 -0.857467 0.0218211
884 0.545586 0.643304 -0.205561 1.21918 -0.205561
885 0.641225 0.997641 0.966018 0.716201 0.966018
886 0.950801 0.451019 -0.940179 -0.654554 -0.940179
887 0.958475 0.275692 0.200294 -0.746028 0.200294
888 0.369935 0.161417 -0.564303 0.725866 -0.564303
889 0.23827 0.231527 0.0501371 -0.273104 0.0501371
890 0.541475 0.647313 0.123041 1.2505 0.123041
891 0.989085 0.1024 -0.205777 -0.819112 -0.205777
892 0.566297 0.85612 -0.114615 1.34104 -0.114615
893 0.223342 0.655062 0.298871 -0.372563 0.298871
894 0.0735521 0.223297 0.459573 -0.672526 0.459573
895 0.651107 0.0353221 0.325528 0.0473492 0.325528
896 0.158385 0.681431 -0.060498 -0.520642 -0.060498
897 0.261264 0.210573 -0.506264 -0.112949 -0.506264
898 0.976772 0.956242 0.408822 0.0997238 0.408822
899 0.832323 0.45629 0.0265123 -0.35105 0.0265123
900 0.724403 0.702331 0.442863 0.235464 0.442863
901 0.0163333 0.292109 1.08566 -0.81633 1.08566
902 0.878097 0.806751 -0.299003 -0.176309 -0.299003
903 0.300482 0.955085 -0.164789 0.0185909 -0.164789
904 0.0278525 0.345472 0.561035 -0.872296 0.561035
905 0.402228 0.971356 0.777156 1.04173 0.777156
906 0.0100556 0.961358 0.243104 -1.11193 0.243104
907 0.991476 0.803653 -0.414299 -0.38066 -0.414299
908 0.301926 0.959455 -0.200842 0.0308929 -0.200842
909 0.199464 0.473234 0.830382 -0.509271 0.830382
910 0.218388 0.0450828 -0.861614 -0.0754392 -0.861614
911 0.0157997 0.170969 0.896061 -0.949295 0.896061
912 0.450725 0.0070125 0.479962 0.807367 0.479962
913 0.281636 0.421174 0.344552 -0.0987372 0.344552
914 0.150825 0.678631 -0.7062 -0.541603 -0.7062
915 0.733307 0.790776 0.0847819 0.185376 0.0847819
916 0.659868 0.997479 0.991201 0.536865 0.991201
917 0.758659 0.787998 0.139903 0.061395 0.139903
918 0.633034 0.381697 0.909274 0.762589 0.909274
919 0.814172 0.463477 -0.418551 -0.314087 -0.418551
920 0.810306 0.45149 -0.580225 -0.288545 -0.580225
921 0.0251218 0.358036 0.424933 -0.898677 0.424933
922 0.536213 0.228709 0.205142 1.67601 0.205142
923 0.347191 0.173171 -0.154925 0.573261 -0.154925
924 0.025222 0.354102 -0.169345 -0.892327 -0.169345
925 0.158967 0.686929 -0.344067 -0.514866 -0.344067
926 0.208372 0.404012 0.500445 -0.444272 0.500445
927 0.206242 0.473538 0.508377 -0.487361 0.508377
928 0.409795 0.0259262 0.255275 0.719776 0.255275
929 0.757836 0.092991 0.572421 -0.400182 0.572421
930 0.436512 0.0232322 0.133077 0.808084 0.133077
931 0.613919 0.205457 -0.370194 1.0358 -0.370194
932 0.806777 0.45535 -0.804822 -0.284676 -0.804822
933 0.936384 0.0402253 0.645096 -0.743637 0.645096
934 0.779187 0.986488 0.45076 -0.24476 0.45076
935 0.838538 0.432109 -0.532866 -0.3426 -0.532866
936 0.0401588 0.327745 -0.913431 -0.815101 -0.913431
937 0.426368 0.389598 1.5111 1.02925 1.5111
938 0.442194 0.0167649 0.607523 0.809233 0.607523
939 0.128371 0.726458 -0.317072 -0.551907 -0.317072
940 0.776084 0.981436 -0.10317 -0.244557 -0.10317
941 0.655019 0.354501 -0.935499 0.687539 -0.935499
942 0.0163685 0.0273876 -0.0784346 -1.30756 -0.0784346
943 0.0356624 0.291854 -0.904623 -0.772646 -0.904623
944 0.0145621 0.887227 0.557899 -0.984266 0.557899
945 0.358695 0.165008 0.706585 0.650314 0.706585
946 0.0477828 0.273624 0.891763 -0.71961 0.891763
947 0.816811 0.463983 -0.927522 -0.321224 -0.927522
948 0.0288086 0.273253 0.051475 -0.759587 0.051475
949 0.225066 0.0434923 -0.931447 -0.0338893 -0.931447
950 0.0245244 0.00153165 0.0595868 -1.31777 0.0595868
951 0.479637 0.545869 1.62538 1.19509 1.62538
952 0.0145341 0.344079 -0.00977753 -0.903881 -0.00977753
953 0.114034 0.703673 0.429211 -0.607194 0.429211
954 0.397888 0.957323 1.53819 0.990092 1.53819
955 0.536161 0.0897601 -0.906414 1.07257 -0.906414
956 0.018119 0.351711 0.574508 -0.906917 0.574508
957 0.961863 0.265984 -0.290854 -0.766204 -0.290854
958 0.893154 0.608108 0.732826 -0.411952 0.732826
959 0.639101 0.989085 -0.0148763 0.739763 -0.0148763
960 0.678129 0.0243993 0.158586 -0.184809 0.158586
961 0.544032 0.225377 1.46812 1.60721 1.46812
962 0.0758088 0.710025 0.838411 -0.689229 0.838411
963 0.229522 0.422539 -0.0819151 -0.391046 -0.0819151
964 0.189255 0.423383 -0.372365 -0.511247 -0.372365
965 0.190211 0.415304 -0.788345 -0.503379 -0.788345
966 0.302766 0.588426 -0.991444 0.0400109 -0.991444
967 0.656738 0.9705 -0.875 0.583672 -0.875
968 0.152481 0.687338 0.105311 -0.530329 0.105311
969 0.0622727 0.218881 1.30702 -0.708075 1.30702
970 0.630456 0.225884 1.18407 1.00894 1.18407
971 0.252714 0.228765 0.305905 -0.216686 0.305905
972 0.984435 0.969792 -0.570106 0.154124 -0.570106
973 0.280652 0.43319 0.0924998 -0.113458 0.0924998
974 0.016707 0.345543 0.620501 -0.900714 0.620501
975 0.757135 0.796351 0.455914 0.0495648 0.455914
976 0.296503 0.447936 -0.791889 -0.0116467 -0.791889
977 0.537651 0.232472 1.34391 1.68237 1.34391
978 0.306172 0.960008 0.0438849 0.073154 0.0438849
979 0.138701 0.97379 1.07227 -0.794814 1.07227
980 0.65375 0.99725 1.08741 0.595866 1.08741
981 0.673102 0.0578693 -1.12733 -0.00699068 -1.12733
982 0.550358 0.667581 0.891267 1.2303 0.891267
983 0.518305 0.245164 -0.451729 1.8721 -0.451729
984 0.0206461 0.14783 0.0528865 -0.988525 0.0528865
985 0.165923 0.684285 -0.282282 -0.499913 -0.282282
986 0.868953 0.80379 0.93884 -0.162519 0.93884
987 0.99024 0.700685 -0.473849 -0.586504 -0.473849
988 0.411626 0.0214471 0.408428 0.716729 0.408428
989 0.783584 0.47188 0.539566 -0.252623 0.539566
990 0.0244464 0.336744 -0.246358 -0.867405 -0.246358
991 0.987336 0.114693 -0.822616 -0.822686 -0.822616
992 0.288571 0.671251 -0.449689 -0.0145151 -0.449689
993 0.115504 0.700698 0.895847 -0.606762 0.895847
994 0.855794 0.823843 -0.991894 -0.132239 -0.991894
995 0.0284402 0.532844 -0.535549 -1.0589 -0.535549
996 0.623463 0.404657 -0.132161 0.765253 -0.132161
997 0.644732 0.370484 1.63704 0.715196 1.63704
998 0.0966825 0.209846 -0.320965 -0.627809 -0.320965
999 0.300001 0.442242 -0.424415 0.0176516 -0.424415

