id x y phenotype1 envi phenotype2 
0 0.63244 0.950018 0.0900422 0.377761 0.0900422
1 0.0135069 0.090601 1.36765 -0.729981 1.36765
2 0.65155 0.36102 0.416121 0.196168 0.416121
3 0.222711 0.454471 1.34086 0.249618 1.34086
4 0.0494685 0.301508 0.357906 -0.463839 0.357906
5 0.024434 0.385399 0.77799 -0.774203 0.77799
6 0.631327 0.949979 -0.13975 0.38215 -0.13975
7 0.171912 0.27876 1.32868 0.0238906 1.32868
8 0.988787 0.0416821 0.177562 -0.946052 0.177562
9 0.649738 0.764451 1.31277 0.609096 1.31277
10 0.249153 0.239303 0.997828 0.296685 0.997828
11 0.698192 0.143092 1.36013 -0.350942 1.36013
12 0.803058 0.69875 -0.827537 0.0440481 -0.827537
13 0.604485 0.139008 -0.0600413 -0.0142971 -0.0600413
14 0.653633 0.972313 1.39348 0.258147 1.39348
15 0.413205 0.7668 -0.112486 0.535348 -0.112486
16 0.991118 0.0339482 1.30446 -0.941494 1.30446
17 0.60826 0.121243 -0.270709 -0.0349092 -0.270709
18 0.661853 0.978556 1.82156 0.212605 1.82156
19 0.260775 0.612463 1.58883 0.261074 1.58883
20 0.908684 0.770036 0.677303 -0.764609 0.677303
21 0.40691 0.805124 1.07238 0.547041 1.07238
22 0.0111175 0.0958887 0.0126161 -0.733479 0.0126161
23 0.692864 0.1501 1.82899 -0.329672 1.82899
24 0.227256 0.00956549 1.32441 0.468581 1.32441
25 0.368719 0.102949 0.571963 0.41723 0.571963
26 0.253606 0.611111 1.52601 0.243969 1.52601
27 0.930519 0.794052 1.17547 -0.910762 1.17547
28 0.41344 0.756245 1.24561 0.527532 1.24561
29 0.980431 0.282108 1.34347 -1.21791 1.34347
30 0.696659 0.735572 -0.0152297 0.571896 -0.0152297
31 0.64159 0.956099 -0.448901 0.332995 -0.448901
32 0.726564 0.0160891 0.533235 -0.485022 0.533235
33 0.0150232 0.971991 0.00499655 -1.07742 0.00499655
34 0.258327 0.0112301 0.726398 0.597744 0.726398
35 0.661731 0.244192 -0.161537 -0.186075 -0.161537
36 0.249613 0.939514 0.884466 0.272367 0.884466
37 0.845887 0.393812 1.45723 -0.612351 1.45723
38 0.84448 0.32756 -0.0950227 -0.681439 -0.0950227
39 0.990089 0.0346903 0.363286 -0.94067 0.363286
40 0.49943 0.960445 1.16331 0.896503 1.16331
41 0.261257 0.616847 0.830327 0.254359 0.830327
42 0.771364 0.839009 -0.000658202 0.115431 -0.000658202
43 0.672813 0.760027 0.284999 0.585153 0.284999
44 0.189995 0.180237 0.251943 0.13569 0.251943
45 0.754534 0.86934 -1.07013 0.133039 -1.07013
46 0.258438 0.621653 1.34039 0.237713 1.34039
47 0.221074 0.313558 -0.397099 0.207676 -0.397099
48 0.53753 0.632714 0.726051 0.833354 0.726051
49 0.571145 0.0161909 0.409073 0.0518565 0.409073
50 0.20167 0.194389 0.255297 0.172677 0.255297
51 0.23576 0.00598751 -0.355588 0.525814 -0.355588
52 0.685854 0.722991 -0.407898 0.583313 -0.407898
53 0.617894 0.136524 0.804365 -0.0635829 0.804365
54 0.386545 0.527322 0.687451 0.712917 0.687451
55 0.288259 0.637145 0.740499 0.294132 0.740499
56 0.0176868 0.964487 0.372905 -1.07713 0.372905
57 0.930666 0.487556 1.02988 -1.24921 1.02988
58 0.208374 0.298353 0.782604 0.155288 0.782604
59 0.622358 0.119056 0.756922 -0.0862513 0.756922
60 0.211991 0.23966 1.82621 0.173391 1.82621
61 0.00605928 0.147069 0.339031 -0.669659 0.339031
62 0.850783 0.323251 0.276371 -0.7155 0.276371
63 0.188977 0.194031 0.718021 0.123612 0.718021
64 0.774887 0.687069 1.27949 0.270517 1.27949
65 0.366337 0.31528 0.929404 0.440724 0.929404
66 0.300274 0.619442 -0.554963 0.357686 -0.554963
67 0.0126959 0.332773 -0.283126 -0.691617 -0.283126
68 0.536138 0.00312502 1.89841 0.166467 1.89841
69 0.403774 0.291497 1.94752 0.437831 1.94752
70 0.684627 0.725098 -0.889951 0.585367 -0.889951
71 0.263183 0.609155 1.08818 0.273704 1.08818
72 0.844537 0.356196 0.723269 -0.648 0.723269
73 0.0287431 0.374718 0.964015 -0.725884 0.964015
74 0.927018 0.779159 1.12654 -0.89776 1.12654
75 0.961977 0.919037 1.25145 -0.94186 1.25145
76 0.00626686 0.11937 -0.117094 -0.717256 -0.117094
77 0.823186 0.506145 2.33013 -0.279596 2.33013
78 0.163465 0.845368 -0.110317 -0.415451 -0.110317
79 0.733167 0.0218628 0.277878 -0.506438 0.277878
80 0.92411 0.486732 -0.439451 -1.19098 -0.439451
81 0.366944 0.129032 0.332023 0.405873 0.332023
82 0.930478 0.482511 0.82155 -1.24247 0.82155
83 0.517304 0.41108 -0.116732 0.743316 -0.116732
84 0.218258 0.456184 1.07829 0.223011 1.07829
85 0.775639 0.851498 0.322658 0.0588324 0.322658
86 0.381405 0.956112 1.59761 0.613893 1.59761
87 0.668985 0.368228 -0.41197 0.163592 -0.41197
88 0.184021 0.84725 -0.743148 -0.283919 -0.743148
89 0.980541 0.0252664 0.835787 -0.916001 0.835787
90 0.40345 0.484104 -0.0999883 0.758527 -0.0999883
91 0.0167942 0.999677 -0.225986 -1.00916 -0.225986
92 0.22374 0.0077323 1.26799 0.448521 1.26799
93 0.838424 0.106515 -0.133729 -0.719697 -0.133729
94 0.663969 0.746773 0.564995 0.614841 0.564995
95 0.751049 0.866165 -0.687015 0.161703 -0.687015
96 0.985372 0.98742 0.912275 -0.906934 0.912275
97 0.403545 0.774069 -0.388313 0.50987 -0.388313
98 0.0072915 0.147601 1.09444 -0.663208 1.09444
99 0.266091 0.618036 1.87023 0.265539 1.87023
100 0.990399 0.017103 0.416228 -0.9223 0.416228
101 0.619626 0.120134 -0.255239 -0.07606 -0.255239
102 0.64209 0.947149 0.0206082 0.344493 0.0206082
103 0.635808 0.26317 1.17065 -0.047631 1.17065
104 0.225862 0.986905 1.426 0.206843 1.426
105 0.135525 0.0398019 0.198259 -0.100328 0.198259
106 0.0189248 0.5761 0.419671 -1.22773 0.419671
107 0.92181 0.495723 0.638291 -1.17793 0.638291
108 0.522039 0.223942 -0.034214 0.325405 -0.034214
109 0.00580241 0.373539 1.4787 -0.835595 1.4787
110 0.385221 0.977073 0.652531 0.642855 0.652531
111 0.630643 0.260999 2.25988 -0.0351176 2.25988
112 0.18132 0.194756 -0.127533 0.0935059 -0.127533
113 0.256435 0.620379 1.93822 0.234506 1.93822
114 0.0180816 0.0947233 0.54064 -0.699572 0.54064
115 0.208018 0.455622 0.289156 0.160818 0.289156
116 0.404582 0.493882 -0.277457 0.777292 -0.277457
117 0.242394 0.0099015 0.355197 0.562573 0.355197
118 0.990596 0.28958 0.0684564 -1.27296 0.0684564
119 0.0260969 0.307735 -0.269267 -0.570574 -0.269267
120 0.18483 0.804703 1.14995 -0.352558 1.14995
121 0.186109 0.854904 1.53331 -0.257667 1.53331
122 0.959134 0.653868 1.27794 -1.31171 1.27794
123 0.236494 0.985459 1.64354 0.267685 1.64354
124 0.526874 0.413025 0.606344 0.720084 0.606344
125 0.679201 0.163416 0.769207 -0.276137 0.769207
126 0.418673 0.0618077 0.61908 0.392596 0.61908
127 0.681245 0.724052 0.0865834 0.589711 0.0865834
128 0.398792 0.465605 1.49845 0.718409 1.49845
129 0.734211 0.025989 0.73689 -0.509062 0.73689
130 0.165711 0.385679 1.00271 -0.0571857 1.00271
131 0.975768 0.627671 0.446268 -1.49002 0.446268
132 0.531374 0.460018 -0.579389 0.823253 -0.579389
133 0.23009 0.98036 1.24436 0.221254 1.24436
134 0.033493 0.511086 0.250521 -1.02284 0.250521
135 0.147581 0.846194 0.519746 -0.513072 0.519746
136 0.989716 0.99031 1.51667 -0.913963 1.51667
137 0.160923 0.713074 -0.0657063 -0.534904 -0.0657063
138 0.00552167 0.0896028 -0.323029 -0.773295 -0.323029
139 0.223915 0.235615 1.82551 0.216927 1.82551
140 0.00371085 0.950414 -0.142233 -1.19056 -0.142233
141 0.640442 0.385495 0.280396 0.305563 0.280396
142 0.561642 0.703931 0.00029329 0.759024 0.00029329
143 0.0153572 0.958451 0.499284 -1.10367 0.499284
144 0.922431 0.775707 -0.420643 -0.865942 -0.420643
145 0.520719 0.414736 -0.519532 0.742175 -0.519532
146 0.578343 0.00956091 0.779227 0.0241336 0.779227
147 0.631149 0.263148 1.6596 -0.0305778 1.6596
148 0.970227 0.622139 0.600969 -1.45023 0.600969
149 0.00320056 0.574403 -0.70174 -1.32892 -0.70174
150 0.47824 0.930911 1.1813 0.831644 1.1813
151 0.3779 0.961683 -0.541743 0.611031 -0.541743
152 0.0267731 0.95834 -0.0565004 -1.03537 -0.0565004
153 0.0128555 0.955992 1.07498 -1.12384 1.07498
154 0.661593 0.156138 0.365173 -0.21453 0.365173
155 0.563785 0.710467 0.736626 0.753172 0.736626
156 0.401872 0.76557 1.00831 0.497046 1.00831
157 0.518385 0.412647 -0.202455 0.743928 -0.202455
158 0.686888 0.721277 -0.628052 0.581575 -0.628052
159 0.612542 0.115268 -0.174166 -0.0525796 -0.174166
160 0.394834 0.459685 0.88364 0.700996 0.88364
161 0.030691 0.559183 -0.262745 -1.12173 -0.262745
162 0.713696 0.0318044 1.55347 -0.436411 1.55347
163 0.682313 0.724414 -0.994658 0.58834 -0.994658
164 0.923915 0.791157 1.53134 -0.865666 1.53134
165 0.664432 0.265943 0.80141 -0.144083 0.80141
166 0.521029 0.416387 -0.194757 0.745272 -0.194757
167 0.965278 0.0305306 -0.660179 -0.897626 -0.660179
168 0.638854 0.950792 1.03771 0.351644 1.03771
169 0.841893 0.112497 -0.708449 -0.728146 -0.708449
170 0.573001 0.014842 1.30627 0.0448544 1.30627
171 0.927233 0.575436 0.691929 -1.13781 0.691929
172 0.837008 0.448525 -0.120523 -0.480712 -0.120523
173 0.93166 0.792576 0.389505 -0.920264 0.389505
174 0.746774 0.865886 -0.853846 0.177351 -0.853846
175 0.40011 0.277753 0.941233 0.412223 0.941233
176 0.374572 0.95846 1.48633 0.599978 1.48633
177 0.149351 0.00840504 0.495515 -0.0171962 0.495515
178 0.974515 0.266219 -0.00263675 -1.16308 -0.00263675
179 0.510367 0.645802 0.125141 0.873323 0.125141
180 0.043061 0.515051 0.281231 -0.965618 0.281231
181 0.235869 0.0307925 1.57804 0.49739 1.57804
182 0.222539 0.300702 -0.29032 0.210447 -0.29032
183 0.970041 0.0344773 0.47514 -0.908834 0.47514
184 0.184353 0.555988 -0.632969 -0.0973549 -0.632969
185 0.800873 0.840945 0.587572 -0.0711044 0.587572
186 0.5274 0.678063 -0.0272258 0.824163 -0.0272258
187 0.834383 0.441419 0.302872 -0.470485 0.302872
188 0.690625 0.733 0.644199 0.579082 0.644199
189 0.961667 0.0153424 1.18595 -0.878071 1.18595
190 0.532339 0.626225 1.13725 0.846491 1.13725
191 0.192751 0.560883 -0.413848 -0.0506113 -0.413848
192 0.561796 0.709827 0.038866 0.756255 0.038866
193 0.038207 0.498462 1.9331 -0.969196 1.9331
194 0.843953 0.399233 1.58435 -0.593526 1.58435
195 0.183108 0.564276 -0.105601 -0.120682 -0.105601
196 0.978823 0.960864 1.19631 -0.937726 1.19631
197 0.84223 0.143399 1.28872 -0.737331 1.28872
198 0.775224 0.681953 0.853311 0.264525 0.853311
199 0.844026 0.358343 0.923504 -0.642663 0.923504
200 0.186572 0.393052 0.170998 0.0468958 0.170998
201 0.370239 0.970513 0.886582 0.602011 0.886582
202 0.994154 0.0411111 -0.499874 -0.954097 -0.499874
203 0.435576 0.298804 -0.411555 0.47775 -0.411555
204 0.367152 0.133711 0.102644 0.403588 0.102644
205 0.233011 0.00579523 -0.297052 0.508764 -0.297052
206 0.416951 0.766877 0.724409 0.547714 0.724409
207 0.666667 0.978513 1.5268 0.192086 1.5268
208 0.0412009 0.946585 1.44314 -0.97265 1.44314
209 0.92093 0.781759 1.26318 -0.850507 1.26318
210 0.0127446 0.50361 1.38421 -1.14903 1.38421
211 0.0144637 0.951583 -0.0546908 -1.12338 -0.0546908
212 0.232753 0.0248081 1.44328 0.485587 1.44328
213 0.697694 0.157212 1.46902 -0.345125 1.46902
214 0.13849 0.890953 0.632128 -0.487928 0.632128
215 0.360067 0.279988 1.79856 0.386054 1.79856
216 0.541136 0.00953489 1.55303 0.15234 1.55303
217 0.549387 0.479282 1.0514 0.824434 1.0514
218 0.249273 0.594789 1.5296 0.260084 1.5296
219 0.987399 0.999395 0.353293 -0.888046 0.353293
220 0.844903 0.347231 0.800583 -0.660458 0.800583
221 0.847008 0.479869 1.65597 -0.523618 1.65597
222 0.748648 0.0122855 0.122648 -0.562148 0.122648
223 0.0335122 0.326048 0.638161 -0.585142 0.638161
224 0.826175 0.444433 0.470065 -0.403123 0.470065
225 0.176778 0.564118 -0.572014 -0.162327 -0.572014
226 0.236437 0.236076 1.5155 0.258413 1.5155
227 0.587754 0.0365773 0.727372 0.00303921 0.727372
228 0.381034 0.460145 1.87783 0.674724 1.87783
229 0.651003 0.752069 1.83982 0.62746 1.83982
230 0.0592532 0.0228718 0.930549 -0.564849 0.930549
231 0.96657 0.907465 0.104354 -0.981606 0.104354
232 0.982991 0.980186 -0.147193 -0.914145 -0.147193
233 0.51736 0.21697 0.0166768 0.33923 0.0166768
234 0.765615 0.853005 -0.0754586 0.11435 -0.0754586
235 0.753042 0.876645 0.0646121 0.120211 0.0646121
236 0.598095 0.0474156 0.478795 -0.0285299 0.478795
237 0.849909 0.391032 1.30141 -0.64095 1.30141
238 0.646014 0.363138 -0.0649715 0.220239 -0.0649715
239 0.239032 0.0199052 0.00150907 0.529474 0.00150907
240 0.373277 0.757698 -0.47494 0.395021 -0.47494
241 0.640184 0.76171 1.30165 0.626585 1.30165
242 0.00443886 0.958709 0.230886 -1.16868 0.230886
243 0.844926 0.123546 -0.40064 -0.737403 -0.40064
244 0.923384 0.773098 -0.749234 -0.875038 -0.749234
245 0.999426 0.922936 -0.696327 -1.10111 -0.696327
246 0.0339796 0.370698 0.360741 -0.690429 0.360741
247 0.541136 0.669615 0.736527 0.807052 0.736527
248 0.992406 0.627559 1.34385 -1.63295 1.34385
249 0.54128 0.199135 -0.151597 0.242213 -0.151597
250 0.395056 0.528575 0.233262 0.731387 0.233262
251 0.65766 0.255957 1.32049 -0.150384 1.32049
252 0.0273567 0.946301 0.348156 -1.05669 0.348156
253 0.118838 0.892051 0.376723 -0.606627 0.376723
254 0.654456 0.26193 1.54168 -0.119994 1.54168
255 0.522685 0.211815 0.100449 0.316952 0.100449
256 0.746251 0.0313086 -0.335976 -0.549598 -0.335976
257 0.0131449 0.569863 -0.816402 -1.25566 -0.816402
258 0.609269 0.0299443 0.891555 -0.0744268 0.891555
259 0.00346682 0.0303179 -0.0468754 -0.889996 -0.0468754
260 0.405405 0.776374 1.10887 0.517878 1.10887
261 0.380344 0.511095 0.553009 0.719279 0.553009
262 0.410004 0.775163 -0.326334 0.53177 -0.326334
263 0.515257 0.411614 -0.832649 0.750585 -0.832649
264 0.807594 0.49448 0.370817 -0.154516 0.370817
265 0.597769 0.986903 0.884908 0.479167 0.884908
266 0.725165 0.0122396 -0.937276 -0.481157 -0.937276
267 0.152829 0.788071 1.57469 -0.584882 1.57469
268 0.998404 0.0335032 0.926367 -0.952464 0.926367
269 0.263045 0.625726 0.98832 0.243085 0.98832
270 0.178404 0.561495 0.101455 -0.146799 0.101455
271 0.00944629 0.0194702 -0.0380441 -0.872851 -0.0380441
272 0.0318067 0.56433 -0.189101 -1.12292 -0.189101
273 0.186724 0.772524 0.560615 -0.396175 0.560615
274 0.666205 0.374266 -0.229099 0.19139 -0.229099
275 0.0175161 0.329974 1.03469 -0.663339 1.03469
276 0.00596633 0.559455 0.168314 -1.28607 0.168314
277 0.925622 0.475932 -0.196913 -1.19467 -0.196913
278 0.0326691 0.515657 0.912222 -1.03597 0.912222
279 0.603909 0.987727 1.36814 0.45139 1.36814
280 0.529973 0.208304 -0.0197083 0.288306 -0.0197083
281 0.965571 0.615258 0.447896 -1.4197 0.447896
282 0.372693 0.554045 1.0982 0.644954 1.0982
283 0.29487 0.615916 0.364828 0.34864 0.364828
284 0.383388 0.954137 0.533626 0.616721 0.533626
285 0.0249167 0.952941 -0.579701 -1.05768 -0.579701
286 0.379806 0.453167 1.5108 0.661802 1.5108
287 0.98008 0.981381 0.406992 -0.902526 0.406992
288 0.973254 0.626742 0.181699 -1.46975 0.181699
289 0.718537 0.0328097 0.557983 -0.452962 0.557983
290 0.221077 0.304676 0.67865 0.205668 0.67865
291 0.186899 0.195072 0.968368 0.114964 0.968368
292 0.00341611 0.0374768 0.338873 -0.877497 0.338873
293 0.00571835 0.146497 0.559528 -0.672194 0.559528
294 0.021359 0.114083 1.24207 -0.652493 1.24207
295 0.229797 0.306906 -0.0982252 0.240823 -0.0982252
296 0.00390448 0.376078 1.14138 -0.852087 1.14138
297 0.146414 0.852099 -0.0114273 -0.50965 -0.0114273
298 0.607654 0.954362 0.0284905 0.469774 0.0284905
299 0.942995 0.57697 1.09231 -1.27437 1.09231
300 0.982511 0.0226131 0.325337 -0.916276 0.325337
301 0.408066 0.277453 1.27605 0.417522 1.27605
302 0.546774 0.00375305 1.08533 0.130193 1.08533
303 0.967739 0.639482 0.467079 -1.40467 0.467079
304 0.0335933 0.511433 -0.605471 -1.02275 -0.605471
305 0.628446 0.758274 1.65746 0.647199 1.65746
306 0.993074 0.918508 0.48128 -1.08287 0.48128
307 0.495021 0.962173 0.29233 0.886834 0.29233
308 0.669353 0.986163 0.479052 0.166269 0.479052
309 0.188437 0.975373 0.0497202 -0.0354804 0.0497202
310 0.973051 0.923652 1.19048 -0.983412 1.19048
311 0.0352031 0.523494 -0.469746 -1.03216 -0.469746
312 0.992362 0.0194903 0.533592 -0.927796 0.533592
313 0.0192145 0.981079 0.770428 -1.03349 0.770428
314 0.996129 0.0166567 0.484632 -0.930306 0.484632
315 0.829164 0.132396 -0.587246 -0.706819 -0.587246
316 0.988059 0.630098 1.24315 -1.5919 1.24315
317 0.957589 0.913875 1.04932 -0.92966 1.04932
318 0.0256083 0.953331 -0.567676 -1.05271 -0.567676
319 0.413489 0.769766 -0.269084 0.538691 -0.269084
320 0.963831 0.0210219 0.0305754 -0.886538 0.0305754
321 0.290495 0.641561 0.710767 0.292999 0.710767
322 0.676577 0.723651 -0.522947 0.595919 -0.522947
323 0.136923 0.048555 -0.0418479 -0.0913824 -0.0418479
324 0.553555 0.014894 0.507287 0.112018 0.507287
325 0.0245089 0.331623 0.182064 -0.637471 0.182064
326 0.529405 0.454168 -0.21924 0.814109 -0.21924
327 0.15837 0.701563 -0.145323 -0.530789 -0.145323
328 0.254278 0.597159 1.79264 0.271825 1.79264
329 0.386624 0.761599 0.235636 0.443125 0.235636
330 0.0297407 0.314203 0.683073 -0.571979 0.683073
331 0.014824 0.326932 -0.176955 -0.66678 -0.176955
332 0.499735 0.959842 0.837294 0.896982 0.837294
333 0.633145 0.384916 0.278254 0.326127 0.278254
334 0.397069 0.511283 -0.867954 0.757118 -0.867954
335 0.844835 0.487663 1.57881 -0.495863 1.57881
336 0.191911 0.837815 -1.04593 -0.250922 -1.04593
337 0.294571 0.620698 -0.0239101 0.339778 -0.0239101
338 0.200423 0.183512 -0.203137 0.175685 -0.203137
339 0.264876 0.600003 0.235422 0.294939 0.235422
340 0.979033 0.921797 0.249462 -1.01328 0.249462
341 0.0194914 0.966483 -0.0902347 -1.06217 -0.0902347
342 0.373032 0.968784 0.830995 0.606727 0.830995
343 0.21425 0.46354 0.710018 0.199643 0.710018
344 0.519229 0.427766 1.63702 0.777953 1.63702
345 0.553633 0.701552 0.0205669 0.771719 0.0205669
346 0.667163 0.752168 0.462907 0.607249 0.462907
347 0.843587 0.125619 -0.626001 -0.735239 -0.626001
348 0.416249 0.993861 0.118065 0.727014 0.118065
349 0.399242 0.268954 1.09443 0.397174 1.09443
350 0.828412 0.156775 1.65198 -0.710143 1.65198
351 0.0487036 0.305403 -0.450027 -0.475373 -0.450027
352 0.0494136 0.295842 -0.154569 -0.451671 -0.154569
353 0.230456 0.0124501 -0.0373597 0.485357 -0.0373597
354 0.181067 0.809179 1.68951 -0.368571 1.68951
355 0.263004 0.00979628 0.86648 0.593685 0.86648
356 0.57268 0.025058 0.683822 0.0504387 0.683822
357 0.534622 0.200539 -0.0350158 0.267386 -0.0350158
358 0.161177 0.842385 0.486285 -0.43504 0.486285
359 0.00812082 0.0181311 -0.284468 -0.883265 -0.284468
360 0.918366 0.490804 -0.663501 -1.14354 -0.663501
361 0.749256 0.00879761 0.406665 -0.56502 0.406665
362 0.419237 0.774347 0.798609 0.561094 0.798609
363 0.0799226 0.297904 -0.210941 -0.338823 -0.210941
364 0.19478 0.999417 0.0195311 0.0435094 0.0195311
365 0.928681 0.79721 0.676012 -0.89495 0.676012
366 0.276193 0.608678 0.81519 0.309977 0.81519
367 0.923681 0.482713 -0.0161198 -1.18387 -0.0161198
368 0.232402 0.453077 0.481447 0.307682 0.481447
369 0.0574701 0.0255187 1.1112 -0.572756 1.1112
370 0.64853 0.764 0.949557 0.611512 0.949557
371 0.0405767 0.502299 -0.058966 -0.960809 -0.058966
372 0.359796 0.939751 -0.651324 0.544961 -0.651324
373 0.735607 0.0212834 0.444803 -0.515021 0.444803
374 0.0244157 0.4963 1.31683 -1.05564 1.31683
375 0.0145969 0.0919666 1.13495 -0.722061 1.13495
376 0.750004 0.0222305 -0.271433 -0.564625 -0.271433
377 0.386852 0.493732 -0.181525 0.73833 -0.181525
378 0.00441014 0.563819 0.0955459 -1.30355 0.0955459
379 0.00720632 0.577546 -0.0984137 -1.30759 -0.0984137
380 0.987393 0.98937 1.23118 -0.909003 1.23118
381 0.951538 0.274323 -0.179015 -1.10326 -0.179015
382 0.371601 0.939584 1.28006 0.573809 1.28006
383 0.95005 0.639469 2.15982 -1.25375 2.15982
384 0.0172619 0.575279 0.132211 -1.23737 0.132211
385 0.161816 0.847898 -0.476776 -0.421237 -0.476776
386 0.382733 0.0469409 1.65566 0.429221 1.65566
387 0.951869 0.630626 0.161183 -1.28101 0.161183
388 0.524343 0.411243 0.474826 0.723118 0.474826
389 0.50475 0.421341 -0.476558 0.804065 -0.476558
390 0.994476 0.0330478 -0.199385 -0.945793 -0.199385
391 0.927453 0.779762 -0.421793 -0.90051 -0.421793
392 0.908454 0.798657 -0.325186 -0.751001 -0.325186
393 0.0374464 0.505202 0.801574 -0.986595 0.801574
394 0.902367 0.802314 -0.0384073 -0.707009 -0.0384073
395 0.823966 0.503444 1.80955 -0.288879 1.80955
396 0.39222 0.760121 0.0135198 0.460293 0.0135198
397 0.747559 0.0338598 -1.0434 -0.553569 -1.0434
398 0.21958 0.290722 0.292492 0.196887 0.292492
399 0.853323 0.343742 1.4805 -0.707634 1.4805
400 0.0315715 0.302905 0.698674 -0.536992 0.698674
401 0.723093 0.0100929 -0.455391 -0.474555 -0.455391
402 0.644116 0.391833 0.0724726 0.313633 0.0724726
403 0.658188 0.168777 0.31627 -0.197974 0.31627
404 0.0196479 0.577165 -0.393483 -1.22472 -0.393483
405 0.256374 0.0199244 -1.11263 0.58884 -1.11263
406 0.995699 0.949903 -0.312771 -1.02347 -0.312771
407 0.633205 0.269123 2.39963 -0.0202668 2.39963
408 0.171514 0.805698 1.11031 -0.435027 1.11031
409 0.851051 0.388943 1.37697 -0.650285 1.37697
410 0.492125 0.963067 1.46743 0.880418 1.46743
411 0.845036 0.485465 1.48675 -0.500185 1.48675
412 0.953217 0.91854 -0.0926381 -0.90315 -0.0926381
413 0.41371 0.773938 -0.351717 0.542804 -0.351717
414 0.361244 0.948173 0.0778044 0.557475 0.0778044
415 0.0118449 0.966317 -0.346891 -1.10829 -0.346891
416 0.714051 0.780449 0.173722 0.479145 0.173722
417 0.985928 0.0426787 0.407963 -0.942478 0.407963
418 0.142819 0.854476 -0.220015 -0.527705 -0.220015
419 0.645247 0.967769 1.33451 0.300367 1.33451
420 0.167922 0.703935 0.37309 -0.473103 0.37309
421 0.599676 0.122868 -0.427629 -0.0034944 -0.427629
422 0.605302 0.149562 0.673141 -0.0130398 0.673141
423 0.553908 0.700297 0.178097 0.77191 0.178097
424 0.78059 0.687732 1.06699 0.223357 1.06699
425 0.187754 0.191291 0.352489 0.120392 0.352489
426 0.24185 0.953404 0.0776574 0.247854 0.0776574
427 0.603806 0.026086 2.09712 -0.0570047 2.09712
428 0.977167 0.0334246 0.454025 -0.919015 0.454025
429 0.960248 0.286201 -0.295234 -1.15344 -0.295234
430 0.846671 0.488841 0.796592 -0.510651 0.796592
431 0.0095032 0.98749 1.34211 -1.07787 1.34211
432 0.0439079 0.0388932 0.55401 -0.637564 0.55401
433 0.15381 0.0234883 -0.156554 0.00875352 -0.156554
434 0.611715 0.112785 -0.154602 -0.0505918 -0.154602
435 0.994896 0.0386708 -0.183506 -0.952618 -0.183506
436 0.03173 0.115027 0.338967 -0.600277 0.338967
437 0.793648 0.849321 -0.314365 -0.0435999 -0.314365
438 0.733016 0.0244792 0.248779 -0.505285 0.248779
439 0.57616 0.69423 0.0552593 0.741534 0.0552593
440 0.00898379 0.977297 1.11968 -1.10236 1.11968
441 0.83931 0.167385 1.53771 -0.737247 1.53771
442 0.833438 0.439499 0.91878 -0.466103 0.91878
443 0.527666 0.63676 0.800987 0.848711 0.800987
444 0.930521 0.791114 0.908047 -0.913367 0.908047
445 0.412056 0.0641832 -0.398831 0.398049 -0.398831
446 0.998654 0.915876 -0.299737 -1.11416 -0.299737
447 0.969563 0.015419 0.685981 -0.889781 0.685981
448 0.958273 0.651325 1.44061 -1.30786 1.44061
449 0.199658 0.196251 0.131949 0.16354 0.131949
450 0.000925915 0.370481 0.388493 -0.850769 0.388493
451 0.51437 0.219017 0.84431 0.351339 0.84431
452 0.235461 0.455831 0.522124 0.327309 0.522124
453 0.0281111 0.377631 0.845392 -0.736234 0.845392
454 0.683069 0.719055 -0.993094 0.586353 -0.993094
455 0.237307 0.0172546 0.649237 0.522104 0.649237
456 0.658601 0.366605 -0.216352 0.191167 -0.216352
457 0.0126299 0.0965226 1.0249 -0.724651 1.0249
458 0.20803 0.282143 -0.218091 0.153248 -0.218091
459 0.927396 0.799363 0.85901 -0.884085 0.85901
460 0.643255 0.773057 0.63546 0.605103 0.63546
461 0.929772 0.77657 1.46742 -0.920578 1.46742
462 0.150829 0.0197949 -0.0317412 -0.00897586 -0.0317412
463 0.185989 0.842092 -0.656409 -0.280571 -0.656409
464 0.834715 0.493911 1.36002 -0.398104 1.36002
465 0.261399 0.621878 0.866894 0.245531 0.866894
466 0.558488 0.00856431 0.823755 0.0921023 0.823755
467 0.189387 0.863981 -0.283991 -0.221647 -0.283991
468 0.979054 0.0417213 -0.373801 -0.930369 -0.373801
469 0.639828 0.379745 0.109338 0.290054 0.109338
470 0.240258 0.0241128 0.320387 0.531788 0.320387
471 0.367346 0.150766 -0.919897 0.395496 -0.919897
472 0.267656 0.59833 0.603961 0.305412 0.603961
473 0.389325 0.0733573 -0.193393 0.414669 -0.193393
474 0.369128 0.12677 0.550883 0.406107 0.550883
475 0.846727 0.391925 0.761682 -0.619835 0.761682
476 0.923977 0.78433 1.45348 -0.87119 1.45348
477 0.342197 0.289768 0.566346 0.385003 0.566346
478 0.267747 0.604661 0.818422 0.294238 0.818422
479 0.994406 0.0317013 1.07347 -0.944212 1.07347
480 0.218575 0.293256 -0.409695 0.193611 -0.409695
481 0.167619 0.759454 0.839998 -0.541408 0.839998
482 0.356938 0.141559 0.0577012 0.402664 0.0577012
483 0.574874 0.691886 0.110323 0.744312 0.110323
484 0.6815 0.971498 1.74889 0.142914 1.74889
485 0.261245 0.616731 0.293704 0.254537 0.293704
486 0.984012 0.0402238 -0.592428 -0.936826 -0.592428
487 0.524556 0.406735 -0.415745 0.711494 -0.415745
488 0.0207847 0.390672 0.486419 -0.806375 0.486419
489 0.200063 0.988662 -0.475546 0.0564888 -0.475546
490 0.166052 0.0503439 1.22208 0.0753036 1.22208
491 0.00318019 0.562111 -0.0640293 -1.30889 -0.0640293
492 0.0613813 0.0299112 0.865002 -0.544548 0.865002
493 0.0170385 0.0977548 1.59442 -0.700051 1.59442
494 0.00350307 0.322371 -0.5401 -0.702037 -0.5401
495 0.221772 0.253317 0.86449 0.196228 0.86449
496 0.157319 0.777026 1.08492 -0.576088 1.08492
497 0.383515 0.462851 2.0974 0.683727 2.0974
498 0.0163806 0.307814 0.613908 -0.6095 0.613908
499 0.506751 0.967868 1.41255 0.872899 1.41255
500 0.0134616 0.554268 0.602336 -1.22783 0.602336
501 0.00609485 0.977102 0.528094 -1.12 0.528094
502 0.370567 0.065392 -0.755816 0.432957 -0.755816
503 0.470909 0.960826 0.287225 0.829428 0.287225
504 0.928976 0.484894 0.914698 -1.2318 0.914698
505 0.745157 0.86063 -0.468693 0.197012 -0.468693
506 0.0328988 0.566411 -0.187017 -1.11916 -0.187017
507 0.723384 0.776006 0.750167 0.475567 0.750167
508 0.983342 0.0445563 -0.177177 -0.94023 -0.177177
509 0.743751 0.0227423 -1.26253 -0.542871 -1.26253
510 0.00657137 0.959773 -0.33415 -1.15364 -0.33415
511 0.222731 0.257222 1.20484 0.200294 1.20484
512 0.303443 0.641665 1.06082 0.330003 1.06082
513 0.699348 0.14297 1.37967 -0.355149 1.37967
514 0.293696 0.621312 -0.642015 0.336314 -0.642015
515 0.0515 0.522332 1.83164 -0.921601 1.83164
516 0.148083 0.0463464 1.19265 -0.0272036 1.19265
517 0.0456136 0.033332 1.21115 -0.634519 1.21115
518 0.388415 0.066479 0.818872 0.417531 0.818872
519 0.226739 0.479681 0.0889913 0.281716 0.0889913
520 0.155612 0.856342 -0.365106 -0.444776 -0.365106
521 0.993711 0.924955 -0.218537 -1.07139 -0.218537
522 0.925528 0.486534 0.384556 -1.20322 0.384556
523 0.0348235 0.503147 0.484276 -1.00069 0.484276
524 0.242896 0.472528 0.505241 0.381326 0.505241
525 0.244209 0.943888 1.36859 0.24674 1.36859
526 0.531836 0.626938 0.38103 0.847001 0.38103
527 0.950244 0.642056 1.8224 -1.25198 1.8224
528 0.0360244 0.519087 -0.239851 -1.01932 -0.239851
529 0.407912 0.996003 0.730732 0.710479 0.730732
530 0.935774 0.579132 0.838802 -1.20821 0.838802
531 0.16059 0.70446 0.271278 -0.521594 0.271278
532 0.23556 0.0159283 0.0929062 0.512929 0.0929062
533 0.388701 0.523734 0.379052 0.722475 0.379052
534 0.728779 0.0335233 1.35416 -0.488377 1.35416
535 0.0379698 0.0286726 1.02017 -0.686156 1.02017
536 0.224548 0.459223 1.32617 0.262038 1.32617
537 0.779937 0.180266 -0.892865 -0.600437 -0.892865
538 0.013263 0.104907 0.754777 -0.707462 0.754777
539 0.831074 0.122368 0.113703 -0.708676 0.113703
540 0.385898 0.0643567 1.1277 0.42034 1.1277
541 0.222842 0.250695 0.753647 0.199009 0.753647
542 0.371922 0.969396 1.54043 0.60477 1.54043
543 0.154575 0.0295703 0.455336 0.0125497 0.455336
544 0.397128 0.267369 1.55282 0.393181 1.55282
545 0.23645 0.0365672 2.12446 0.494041 2.12446
546 0.963314 0.634983 -0.228153 -1.3731 -0.228153
547 0.643204 0.375738 0.1331 0.267453 0.1331
548 0.539047 0.671629 0.369125 0.809332 0.369125
549 0.0222942 0.519711 1.02996 -1.11191 1.02996
550 0.935333 0.573975 0.774931 -1.21085 0.774931
551 0.744686 0.866508 0.0240105 0.181334 0.0240105
552 0.0330364 0.930136 0.848309 -1.05558 0.848309
553 0.977705 0.0386276 0.68381 -0.925085 0.68381
554 0.00674726 0.947683 0.138264 -1.17802 0.138264
555 0.195561 0.191005 -0.093886 0.151194 -0.093886
556 0.834893 0.170179 1.24528 -0.727786 1.24528
557 0.7248 0.0144793 1.39253 -0.479336 1.39253
558 0.294702 0.642126 0.810192 0.304128 0.810192
559 0.0273653 0.960129 -0.856723 -1.02813 -0.856723
560 0.982093 0.924146 1.29098 -1.02221 1.29098
561 0.0143845 0.95568 -0.499831 -1.1153 -0.499831
562 0.985761 0.976607 0.0440645 -0.930365 0.0440645
563 0.531998 0.201313 -0.0643777 0.277423 -0.0643777
564 0.555359 0.706297 0.643792 0.767002 0.643792
565 0.185551 0.858048 -0.432337 -0.2557 -0.432337
566 0.394016 0.284594 1.4868 0.418739 1.4868
567 0.630654 0.948525 -0.0702874 0.386738 -0.0702874
568 0.160338 0.710797 -0.408864 -0.53461 -0.408864
569 0.207744 0.467728 1.12165 0.159639 1.12165
570 0.82957 0.45251 0.664836 -0.416612 0.664836
571 0.176724 0.772119 1.116 -0.460806 1.116
572 0.149527 0.850655 -0.760037 -0.492876 -0.760037
573 0.221244 0.97799 1.52378 0.164633 1.52378
574 0.0236767 0.50845 1.70852 -1.084 1.70852
575 0.985953 0.990059 1.01654 -0.903259 1.01654
576 0.673736 0.157839 -0.420973 -0.258025 -0.420973
577 0.636209 0.807877 0.814004 0.566088 0.814004
578 0.25055 0.240015 1.99606 0.298784 1.99606
579 0.503009 0.956831 0.334498 0.884409 0.334498
580 0.614394 0.123492 -0.41343 -0.0560214 -0.41343
581 0.396688 0.995822 -0.245491 0.685748 -0.245491
582 0.0114198 0.114992 -0.289879 -0.699711 -0.289879
583 0.0325253 0.371586 0.335862 -0.699662 0.335862
584 0.386455 0.458064 1.23068 0.682104 1.23068
585 0.519192 0.220757 0.360693 0.334358 0.360693
586 0.808002 0.502664 1.35492 -0.144538 1.35492
587 0.921638 0.7727 0.44314 -0.86205 0.44314
588 0.922162 0.495648 0.152814 -1.18103 0.152814
589 0.668312 0.74757 0.0359745 0.609594 0.0359745
590 0.510136 0.408765 0.19456 0.758812 0.19456
591 0.223216 0.2955 -0.134266 0.211736 -0.134266
592 0.381063 0.52248 -1.07703 0.706265 -1.07703
593 0.0422901 0.525539 -0.801629 -0.988369 -0.801629
594 0.73369 0.0223121 -0.566548 -0.508139 -0.566548
595 0.268224 0.623746 1.30493 0.261149 1.30493
596 0.965353 0.914298 1.47109 -0.964739 1.47109
597 0.468575 0.939774 0.525713 0.812351 0.525713
598 0.228085 0.457333 1.11388 0.283052 1.11388
599 0.0418998 0.0323025 1.03144 -0.657892 1.03144
600 0.21423 0.299057 1.26555 0.177943 1.26555
601 0.186198 0.836832 1.31785 -0.288357 1.31785
602 0.521984 0.411635 0.253723 0.73097 0.253723
603 0.962623 0.634064 0.187308 -1.36845 0.187308
604 0.690291 0.748377 -0.0035669 0.582871 -0.0035669
605 0.970957 0.0382923 0.298205 -0.91397 0.298205
606 0.0362684 0.103554 0.697908 -0.593787 0.697908
607 0.91263 0.775818 0.623708 -0.791944 0.623708
608 0.0379364 0.523348 1.17144 -1.0137 1.17144
609 0.220296 0.256748 0.237977 0.192217 0.237977
610 0.772339 0.209411 0.165029 -0.579575 0.165029
611 0.181595 0.838199 0.00398054 -0.314785 0.00398054
612 0.836442 0.171341 1.75153 -0.731642 1.75153
613 0.71833 0.0171097 -0.619648 -0.456318 -0.619648
614 0.0186774 0.948918 0.13159 -1.10357 0.13159
615 0.0183542 0.37213 1.11007 -0.770275 1.11007
616 0.0258725 0.0158286 0.720917 -0.777951 0.720917
617 0.23687 0.948508 0.611272 0.209956 0.611272
618 0.639872 0.279529 0.487337 -0.0130991 0.487337
619 0.957028 0.644971 0.649261 -1.30587 0.649261
620 0.171212 0.807509 0.713897 -0.433753 0.713897
621 0.239648 0.949296 0.0647563 0.227967 0.0647563
622 0.0235501 0.0171758 0.0639329 -0.790186 0.0639329
623 0.685765 0.758194 -0.74203 0.571556 -0.74203
624 0.674669 0.970064 1.1743 0.174282 1.1743
625 0.187638 0.853866 -0.589088 -0.249947 -0.589088
626 0.406302 0.774038 -0.547305 0.518804 -0.547305
627 0.393076 0.071443 -0.553705 0.412253 -0.553705
628 0.979996 0.983166 0.220021 -0.898806 0.220021
629 0.384513 0.515148 0.278518 0.723616 0.278518
630 0.923049 0.775929 -0.261155 -0.870442 -0.261155
631 0.395012 0.492395 -0.0532244 0.753997 -0.0532244
632 0.364093 0.313392 0.992085 0.435873 0.992085
633 0.560074 0.0279472 0.767139 0.095429 0.767139
634 0.482586 0.945826 -0.0792404 0.84971 -0.0792404
635 0.189551 0.831326 -0.117141 -0.276853 -0.117141
636 0.689513 0.757495 0.190676 0.568101 0.190676
637 0.254272 0.611801 1.33178 0.244503 1.33178
638 0.154331 0.70751 -0.107078 -0.567641 -0.107078
639 0.203793 0.984797 -0.706789 0.0721028 -0.706789
640 0.967328 0.028308 0.698282 -0.898707 0.698282
641 0.00240248 0.56242 -0.177281 -1.31455 -0.177281
642 0.0505217 0.0348148 1.1983 -0.603634 1.1983
643 0.936792 0.789582 1.72633 -0.960185 1.72633
644 0.928409 0.46067 0.0501378 -1.20372 0.0501378
645 0.405999 0.785951 1.04889 0.527934 1.04889
646 0.824514 0.445768 -0.423049 -0.388122 -0.423049
647 0.608366 0.0208676 1.35008 -0.0748715 1.35008
648 0.377232 0.0633112 1.28449 0.428147 1.28449
649 0.843662 0.0935166 0.432557 -0.726303 0.432557
650 0.0215028 0.511719 1.37021 -1.10394 1.37021
651 0.721627 0.01612 0.559502 -0.467961 0.559502
652 0.0180789 0.967348 -0.44846 -1.06882 -0.44846
653 0.261285 0.597491 1.52224 0.289915 1.52224
654 0.995676 0.0314366 0.861252 -0.945903 0.861252
655 0.688098 0.14782 1.20042 -0.313101 1.20042
656 0.0156629 0.376077 1.12371 -0.793934 1.12371
657 0.671849 0.980837 1.32702 0.165486 1.32702
658 0.236021 0.465079 0.283542 0.334747 0.283542
659 0.40278 0.464287 1.33696 0.724174 1.33696
660 0.523207 0.468821 0.43269 0.86655 0.43269
661 0.152265 0.0142546 -0.2761 0.000387589 -0.2761
662 0.67856 0.979395 1.79247 0.139448 1.79247
663 0.663082 0.981846 1.72002 0.201462 1.72002
664 0.717893 0.780312 0.856656 0.473265 0.856656
665 0.606674 0.955401 0.0782598 0.472579 0.0782598
666 0.968031 0.623181 0.346265 -1.42989 0.346265
667 0.424022 0.281467 0.865729 0.436386 0.865729
668 0.538393 0.482522 0.331346 0.860942 0.331346
669 0.000318302 0.980535 0.231123 -1.14718 0.231123
670 0.345977 0.287423 1.1427 0.385068 1.1427
671 0.853018 0.390573 1.50237 -0.661044 1.50237
672 0.23796 0.0232928 0.977877 0.518867 0.977877
673 0.981891 0.981302 0.502363 -0.908426 0.502363
674 0.997758 0.918709 -0.125383 -1.10352 -0.125383
675 0.395617 0.488045 1.13212 0.748291 1.13212
676 0.477529 0.939807 -0.00949207 0.834378 -0.00949207
677 0.267031 0.0184731 -0.764322 0.577965 -0.764322
678 0.0148067 0.312512 0.716796 -0.628325 0.716796
679 0.934973 0.26058 -0.431201 -1.03228 -0.431201
680 0.928239 0.79208 0.867739 -0.896094 0.867739
681 0.396735 0.996103 0.320474 0.686102 0.320474
682 0.124583 0.895869 1.93226 -0.56425 1.93226
683 0.0018758 0.121433 0.362466 -0.734768 0.362466
684 0.505369 0.405432 0.609539 0.765006 0.609539
685 0.67568 0.156495 0.285122 -0.265497 0.285122
686 0.26436 0.0169282 0.0593918 0.583089 0.0593918
687 0.65411 0.968837 1.51639 0.261944 1.51639
688 0.264854 0.0153686 -0.339346 0.584429 -0.339346
689 0.610889 0.960161 0.0534708 0.450673 0.0534708
690 0.37106 0.961652 0.777783 0.594903 0.777783
691 0.998283 0.0401501 1.2153 -0.959683 1.2153
692 0.189497 0.397317 0.97908 0.0611364 0.97908
693 0.827739 0.49885 0.683192 -0.327838 0.683192
694 0.137994 0.856456 -0.267319 -0.554099 -0.267319
695 0.836955 0.168865 1.06044 -0.732217 1.06044
696 0.991128 0.0214122 0.31741 -0.928019 0.31741
697 0.21722 0.301064 -0.184267 0.18984 -0.184267
698 0.0175333 0.0971543 0.137984 -0.698487 0.137984
699 0.178138 0.776191 0.175525 -0.444657 0.175525
700 0.718962 0.768623 1.4032 0.50121 1.4032
701 0.623451 0.948742 -0.428681 0.414381 -0.428681
702 0.635685 0.278145 0.0447506 -0.00221924 0.0447506
703 0.378008 0.472094 2.11245 0.686667 2.11245
704 0.624191 0.273554 -0.183669 0.0256281 -0.183669
705 0.619054 0.959157 0.193352 0.418956 0.193352
706 0.172747 0.565687 -0.585626 -0.191864 -0.585626
707 0.483758 0.932347 0.251676 0.846125 0.251676
708 0.019339 0.0127188 0.85587 -0.823107 0.85587
709 0.993409 0.0219279 0.0834288 -0.932017 0.0834288
710 0.0175707 0.372352 0.573773 -0.77469 0.573773
711 0.165747 0.278854 1.38013 0.00178609 1.38013
712 0.00956072 0.120128 0.127744 -0.700025 0.127744
713 0.97453 0.932624 0.821213 -0.973602 0.821213
714 0.360814 0.282468 1.41434 0.390032 1.41434
715 0.35878 0.140243 -0.138837 0.402867 -0.138837
716 0.418032 0.761037 0.979073 0.546642 0.979073
717 0.18866 0.857055 1.30125 -0.238095 1.30125
718 0.528473 0.460329 -0.545094 0.831788 -0.545094
719 0.28086 0.608377 0.74427 0.323201 0.74427
720 0.847421 0.391306 1.23796 -0.62492 1.23796
721 0.0175649 0.316867 0.706783 -0.628619 0.706783
722 0.0314843 0.314559 0.600808 -0.565739 0.600808
723 0.0312066 0.500559 2.01375 -1.02055 2.01375
724 0.213939 0.179117 -0.455842 0.233951 -0.455842
725 0.00904195 0.156077 -0.135948 -0.640819 -0.135948
726 0.188425 0.825657 1.33249 -0.29369 1.33249
727 0.97708 0.0433085 0.747529 -0.928769 0.747529
728 0.661026 0.968366 1.32734 0.234088 1.32734
729 0.371493 0.107174 0.185031 0.413812 0.185031
730 0.00744819 0.94683 -0.26579 -1.1756 -0.26579
731 0.534028 0.640384 0.68655 0.835284 0.68655
732 0.98793 0.0320564 0.700202 -0.934474 0.700202
733 0.236484 0.0204502 0.00185564 0.513275 0.00185564
734 0.955064 0.262258 -0.0617286 -1.09538 -0.0617286
735 0.976383 0.979312 0.57945 -0.894646 0.57945
736 0.526213 0.198735 1.01389 0.297443 1.01389
737 0.659868 0.252473 0.176653 -0.169465 0.176653
738 0.0453096 0.0489893 1.74816 -0.61668 1.74816
739 0.18009 0.564602 -0.422263 -0.141265 -0.422263
740 0.965605 0.601867 0.397891 -1.43852 0.397891
741 0.370222 0.303914 1.4858 0.428143 1.4858
742 0.0260021 0.953136 0.841085 -1.05074 0.841085
743 0.36886 0.138375 0.397283 0.40088 0.397283
744 0.63058 0.809854 0.256473 0.574605 0.256473
745 0.263673 0.599002 0.688765 0.293537 0.688765
746 0.948295 0.644185 1.9165 -1.23257 1.9165
747 0.390234 0.756999 0.088651 0.450819 0.088651
748 0.981071 0.612549 0.760593 -1.55739 0.760593
749 0.993222 0.914923 0.137296 -1.09148 0.137296
750 0.198423 0.461071 0.909049 0.102145 0.909049
751 0.652066 0.973372 1.47886 0.262983 1.47886
752 0.924825 0.776122 1.09484 -0.883683 1.09484
753 0.547975 0.00124184 1.40413 0.124889 1.40413
754 0.601979 0.119424 0.174512 -0.0131372 0.174512
755 0.179776 0.763991 0.958992 -0.455452 0.958992
756 0.0429701 0.0583658 1.18418 -0.618053 1.18418
757 0.225779 0.305153 -0.138327 0.224343 -0.138327
758 0.751402 0.868467 -0.689952 0.152984 -0.689952
759 0.659154 0.24765 -0.0231159 -0.175303 -0.0231159
760 0.178145 0.393382 1.6993 0.00308651 1.6993
761 0.187029 0.39367 0.91836 0.049111 0.91836
762 0.766479 0.203451 0.60445 -0.565608 0.60445
763 0.21423 0.245848 1.41788 0.175234 1.41788
764 0.5612 0.0284138 1.08136 0.091736 1.08136
765 0.672277 0.744154 0.0515002 0.604308 0.0515002
766 0.208246 0.200653 0.240284 0.193055 0.240284
767 0.490645 0.722345 -0.475193 0.804062 -0.475193
768 0.975897 0.0373777 0.888355 -0.920951 0.888355
769 0.394164 0.507466 -0.683521 0.755187 -0.683521
770 0.637987 0.776115 0.020115 0.608674 0.020115
771 0.0219924 0.504192 1.0818 -1.08818 1.0818
772 0.186093 0.698226 0.049786 -0.34486 0.049786
773 0.551056 0.201357 0.0620956 0.207283 0.0620956
774 0.734581 0.0362891 1.36177 -0.507878 1.36177
775 0.609914 0.0425744 0.785483 -0.0717074 0.785483
776 0.222196 0.453059 1.7213 0.246159 1.7213
777 0.673394 0.746293 0.42741 0.603204 0.42741
778 0.688989 0.74814 0.0145893 0.584409 0.0145893
779 0.472266 0.938087 1.38227 0.820526 1.38227
780 0.537672 0.414481 0.857055 0.69224 0.857055
781 0.782294 0.849673 0.361404 0.0234891 0.361404
782 0.1319 0.0522155 0.0456731 -0.119661 0.0456731
783 0.934067 0.779005 0.224165 -0.950564 0.224165
784 0.983712 0.0460826 0.0484144 -0.942414 0.0484144
785 0.148163 0.848455 0.117981 -0.505354 0.117981
786 0.675453 0.158328 0.975093 -0.264102 0.975093
787 0.528855 0.202439 1.06539 0.289547 1.06539
788 0.201866 0.162893 -0.326176 0.196749 -0.326176
789 0.154889 0.851567 0.614423 -0.457843 0.614423
790 0.982296 0.985664 1.41401 -0.901059 1.41401
791 0.12974 0.895226 1.06934 -0.5338 1.06934
792 0.516612 0.408487 -0.022821 0.739119 -0.022821
793 0.7647 0.85376 -0.0540151 0.117753 -0.0540151
794 0.636148 0.767846 -0.154787 0.62335 -0.154787
795 0.00324539 0.0138344 0.134464 -0.920832 0.134464
796 0.0257987 0.0103269 0.252325 -0.786675 0.252325
797 0.534199 0.453533 -0.770044 0.799546 -0.770044
798 0.364686 0.955008 -0.0719802 0.57295 -0.0719802
799 0.389737 0.981898 -0.315962 0.65762 -0.315962
800 0.808491 0.496997 0.568536 -0.157274 0.568536
801 0.3949 0.974222 0.278145 0.662345 0.278145
802 0.40088 0.466879 1.12153 0.724676 1.12153
803 0.525649 0.474271 0.142189 0.873449 0.142189
804 0.0397937 0.297951 0.254428 -0.493289 0.254428
805 0.565472 0.029341 0.433657 0.0773268 0.433657
806 0.363325 0.143596 -0.337563 0.399904 -0.337563
807 0.981182 0.0324809 -0.264251 -0.924357 -0.264251
808 0.660662 0.261191 1.26585 -0.145151 1.26585
809 0.0325154 0.105128 0.0233897 -0.610466 0.0233897
810 0.81669 0.220895 0.324289 -0.692808 0.324289
811 0.59771 0.137202 0.675081 0.00939246 0.675081
812 0.143493 0.856306 0.0726086 -0.52019 0.0726086
813 0.553079 0.0134392 1.32568 0.112988 1.32568
814 0.629749 0.943896 0.109458 0.396456 0.109458
815 0.143793 0.0368875 0.144971 -0.051945 0.144971
816 0.937886 0.768242 0.104738 -0.990301 0.104738
817 0.987476 0.270952 0.713119 -1.21552 0.713119
818 0.361033 0.277761 1.05537 0.383697 1.05537
819 0.593652 0.0370318 -0.434838 -0.0172961 -0.434838
820 0.827809 0.130951 -0.698104 -0.703683 -0.698104
821 0.00777021 0.0237355 0.427501 -0.875702 0.427501
822 0.395477 0.948909 1.72042 0.640901 1.72042
823 0.0491826 0.0411753 1.99519 -0.603888 1.99519
824 0.610834 0.77147 1.8237 0.656139 1.8237
825 0.74443 0.878219 -0.249495 0.14831 -0.249495
826 0.264353 0.619898 2.1226 0.257349 2.1226
827 0.142085 0.0483762 0.602239 -0.0617572 0.602239
828 0.479534 0.955734 0.34255 0.847225 0.34255
829 0.00603689 0.105757 1.09388 -0.742258 1.09388
830 0.980698 0.920509 1.09184 -1.02318 1.09184
831 0.395939 0.977675 -0.422038 0.667827 -0.422038
832 0.22885 0.0037831 1.70744 0.484791 1.70744
833 0.925804 0.485551 0.284711 -1.20476 0.284711
834 0.518052 0.423654 1.27898 0.771398 1.27898
835 0.788474 0.167453 0.871789 -0.620764 0.871789
836 0.511222 0.400471 0.13427 0.735941 0.13427
837 0.541138 0.628636 1.31907 0.829028 1.31907
838 0.249037 0.0132911 -0.0158982 0.599427 -0.0158982
839 0.614337 0.036215 0.669725 -0.0895916 0.669725
840 0.631956 0.959502 -0.877988 0.366644 -0.877988
841 0.564032 0.0111065 1.0192 0.0741427 1.0192
842 0.424999 0.299368 0.494628 0.469549 0.494628
843 0.259269 0.618488 1.78058 0.245851 1.78058
844 0.00659139 0.5522 -0.119357 -1.27 -0.119357
845 0.993125 0.0342863 0.0644478 -0.945021 0.0644478
846 0.257898 0.0134919 -0.762732 0.595355 -0.762732
847 0.623599 0.263368 0.497404 -0.00218881 0.497404
848 0.0319351 0.507998 1.46295 -1.02809 1.46295
849 0.997099 0.987526 0.914544 -0.942372 0.914544
850 0.762159 0.837614 0.0579858 0.176246 0.0579858
851 0.372834 0.281205 -0.406709 0.397347 -0.406709
852 0.529193 0.404097 1.01037 0.691325 1.01037
853 0.244042 0.952347 0.772846 0.259332 0.772846
854 0.645158 0.273563 0.819974 -0.0502869 0.819974
855 0.925672 0.482697 1.00415 -1.20108 1.00415
856 0.146978 0.0104201 0.402281 -0.0321098 0.402281
857 0.0103823 0.325514 0.229228 -0.681802 0.229228
858 0.840809 0.439247 0.201164 -0.522102 0.201164
859 0.843361 0.120729 -0.865642 -0.733394 -0.865642
860 0.17552 0.822591 1.44382 -0.380117 1.44382
861 0.732233 0.77032 1.00912 0.477206 1.00912
862 0.0241517 0.107809 -0.0821513 -0.648358 -0.0821513
863 0.223301 0.254201 0.827111 0.201378 0.827111
864 0.710901 0.0291829 1.06527 -0.427407 1.06527
865 0.935516 0.25344 0.38055 -1.0258 0.38055
866 0.729226 0.0299096 0.646052 -0.490816 0.646052
867 0.0268369 0.507488 2.2322 -1.06129 2.2322
868 0.368305 0.551515 1.15195 0.63751 1.15195
869 0.0279197 0.504607 1.33281 -1.04926 1.33281
870 0.989236 0.609058 1.13415 -1.6331 1.13415
871 0.849249 0.100503 0.979161 -0.739074 0.979161
872 0.770093 0.839015 0.581594 0.12329 0.581594
873 0.00907958 0.925224 1.52423 -1.21113 1.52423
874 0.921437 0.774123 0.489908 -0.859533 0.489908
875 0.135695 0.850789 0.695618 -0.578785 0.695618
876 0.522392 0.405313 0.463446 0.714419 0.463446
877 0.840998 0.114569 -0.056104 -0.726917 -0.056104
878 0.721868 0.765742 1.53733 0.504388 1.53733
879 0.782344 0.181479 -0.442984 -0.606063 -0.442984
880 0.835997 0.109523 -0.170058 -0.715657 -0.170058
881 0.211974 0.446548 1.08876 0.183901 1.08876
882 0.966588 0.647459 0.333954 -1.38378 0.333954
883 0.408722 0.806983 1.40067 0.554217 1.40067
884 0.169687 0.834672 -0.827033 -0.39549 -0.827033
885 0.723925 0.773208 1.38397 0.482012 1.38397
886 0.26924 0.627167 1.38231 0.257835 1.38231
887 0.987387 0.991015 -0.736912 -0.905542 -0.736912
888 0.0255895 0.958533 0.479701 -1.04208 0.479701
889 0.971397 0.0185694 0.722974 -0.89554 0.722974
890 0.201217 0.99429 -0.588514 0.0728984 -0.588514
891 0.95413 0.262108 0.238371 -1.0923 0.238371
892 0.146734 0.0310246 1.00012 -0.0344047 1.00012
893 0.921299 0.500875 0.317172 -1.17559 0.317172
894 0.411684 0.27905 1.50665 0.422906 1.50665
895 0.398634 0.774053 1.35551 0.493894 1.35551
896 0.719019 0.0206774 -0.697859 -0.457774 -0.697859
897 0.674712 0.969699 1.07677 0.174811 1.07677
898 0.238604 0.0210924 1.44668 0.525429 1.44668
899 0.548519 0.0184029 1.17543 0.131047 1.17543
900 0.836875 0.164869 1.57387 -0.731048 1.57387
901 0.00119981 0.3261 0.559001 -0.722364 0.559001
902 0.226921 0.301263 0.277568 0.227647 0.277568
903 0.734974 0.0209997 0.280251 -0.512899 0.280251
904 0.0282174 0.376344 0.343789 -0.73251 0.343789
905 0.0182254 0.145798 0.971394 -0.617132 0.971394
906 0.00659133 0.122033 0.348418 -0.711031 0.348418
907 0.173451 0.765131 -0.325198 -0.494001 -0.325198
908 0.848181 0.498915 0.212928 -0.513031 0.212928
909 0.51636 0.601023 0.195002 0.892533 0.195002
910 0.367263 0.954665 1.84894 0.57874 1.84894
911 0.18112 0.189974 0.120795 0.0950068 0.120795
912 0.986456 0.979424 0.40655 -0.926803 0.40655
913 0.752668 0.860748 -0.318242 0.168303 -0.318242
914 0.540356 0.667012 0.619061 0.809721 0.619061
915 0.489868 0.939376 1.31682 0.864509 1.31682
916 0.00174874 0.0294523 0.0427855 -0.901823 0.0427855
917 0.535435 0.475649 0.617533 0.851378 0.617533
918 0.0231278 0.515675 1.52685 -1.09965 1.52685
919 0.834378 0.455083 -0.177505 -0.450829 -0.177505
920 0.747194 0.872976 -1.04843 0.155502 -1.04843
921 0.636462 0.764661 1.31712 0.627454 1.31712
922 0.554375 0.0225221 1.17494 0.112698 1.17494
923 0.373653 0.279297 0.372038 0.395166 0.372038
924 0.915791 0.774712 -0.0288303 -0.816413 -0.0288303
925 0.161478 0.701498 -0.233471 -0.510514 -0.233471
926 0.264891 0.601086 0.909316 0.293013 0.909316
927 0.00577339 0.0168501 -0.660165 -0.899901 -0.660165
928 0.291253 0.654829 -0.0939328 0.272667 -0.0939328
929 0.981523 0.967201 0.500086 -0.935001 0.500086
930 0.932387 0.803891 0.367215 -0.915047 0.367215
931 0.527831 0.41303 -0.287836 0.717306 -0.287836
932 0.822079 0.158163 1.40596 -0.696225 1.40596
933 0.981858 0.252097 1.02726 -1.15352 1.02726
934 0.364145 0.137725 -0.884365 0.402598 -0.884365
935 0.0160273 0.088233 1.45405 -0.720719 1.45405
936 0.148066 0.842054 1.1163 -0.517531 1.1163
937 0.963543 0.651702 1.22386 -1.35206 1.22386
938 0.697869 0.142116 0.704102 -0.350053 0.704102
939 0.396546 0.745632 0.220895 0.470905 0.220895
940 0.2403 0.00471346 -0.480267 0.555899 -0.480267
941 0.933941 0.456075 -0.760953 -1.24344 -0.760953
942 0.267879 0.598684 0.820438 0.305372 0.820438
943 0.670067 0.14583 0.270188 -0.24854 0.270188
944 0.987413 0.991321 -0.552007 -0.904979 -0.552007
945 0.393987 0.976475 0.387249 0.662295 0.387249
946 0.412611 0.457204 1.19268 0.73145 1.19268
947 0.0259653 0.30533 0.733034 -0.565048 0.733034
948 0.195142 0.553182 -0.525952 -0.0206751 -0.525952
949 0.395834 0.498423 0.777892 0.76552 0.777892
950 0.386247 0.934532 2.01937 0.605054 2.01937
951 0.381047 0.517231 -0.471798 0.712982 -0.471798
952 0.160527 0.0490398 0.942016 0.043995 0.942016
953 0.00922511 0.557052 -0.773478 -1.26052 -0.773478
954 0.601533 0.994746 0.584114 0.455089 0.584114
955 0.978053 0.620263 0.776449 -1.52024 0.776449
956 0.178701 0.559094 0.264523 -0.140475 0.264523
957 0.637339 0.76642 0.856864 0.62368 0.856864
958 0.0276335 0.1059 -0.323889 -0.633827 -0.323889
959 0.843305 0.10262 0.138991 -0.728188 0.138991
960 0.968461 0.619076 0.393771 -1.43931 0.393771
961 0.0158275 0.498763 1.50123 -1.11917 1.50123
962 0.00960055 0.0830527 1.64085 -0.763214 1.64085
963 0.012214 0.965871 -0.48061 -1.10701 -0.48061
964 0.296826 0.649137 0.497315 0.298515 0.497315
965 0.622688 0.2692 -0.225664 0.0182875 -0.225664
966 0.391855 0.941563 2.12685 0.625422 2.12685
967 0.189837 0.858763 0.0350844 -0.227836 0.0350844
968 0.152138 0.863854 0.235344 -0.452852 0.235344
969 0.0196154 0.556883 0.827564 -1.19134 0.827564
970 0.235553 0.242104 1.08413 0.248402 1.08413
971 0.926769 0.47315 -0.500611 -1.20185 -0.500611
972 0.38835 0.751611 0.225673 0.439512 0.225673
973 0.737312 0.02582 1.08935 -0.519849 1.08935
974 0.176445 0.753679 -0.582268 -0.494843 -0.582268
975 0.416226 0.289672 0.945086 0.444876 0.945086
976 0.962145 0.0374745 -0.913708 -0.899144 -0.913708
977 0.519049 0.416039 -0.702331 0.750173 -0.702331
978 0.204926 0.18112 0.424814 0.195652 0.424814
979 0.94601 0.577908 1.16777 -1.29963 1.16777
980 0.221902 0.181582 0.71027 0.263958 0.71027
981 0.183372 0.20756 -0.224103 0.0950018 -0.224103
982 0.181272 0.763687 0.863897 -0.446395 0.863897
983 0.857753 0.367581 0.507413 -0.710263 0.507413
984 0.416832 0.768036 -0.263666 0.548248 -0.263666
985 0.686382 0.977493 0.630376 0.109891 0.630376
986 0.794334 0.194913 1.22548 -0.634685 1.22548
987 0.605269 0.0306984 1.15583 -0.0602429 1.15583
988 0.983174 0.975725 0.35169 -0.923664 0.35169
989 0.151977 0.0243998 0.528349 -0.00244796 0.528349
990 0.837863 0.394531 1.70811 -0.560089 1.70811
991 0.219605 0.301108 0.0332056 0.199128 0.0332056
992 0.48161 0.942648 0.195848 0.845791 0.195848
993 0.266988 0.618971 -0.489446 0.266328 -0.489446
994 0.00263414 0.121925 -0.148205 -0.730234 -0.148205
995 0.0131992 0.087608 0.97867 -0.736562 0.97867
996 0.966459 0.665564 0.224743 -1.35757 0.224743
997 0.556074 0.0109841 1.22109 0.101526 1.22109
998 0.403939 0.776345 1.25677 0.513105 1.25677
999 0.0115816 0.960583 -0.321976 -1.12187 -0.321976

