200 112 0.608792 0.779523 0.000183103
400 123 0.308022 0.675084 -0.0591037
600 144 0.0651739 0.628342 -0.0394111
800 146 0.0850092 0.628883 0.005507
1000 148 -0.228681 0.656347 -0.0019181
1200 146 -0.100509 0.621799 -0.0348931
1400 152 -0.154531 0.617674 0.119393
1600 158 -0.502643 0.697552 -0.0154857
1800 141 0.567811 0.736823 -0.087755
2000 153 1.09388 0.681543 0.0174202
2200 171 1.54551 0.778785 0.0202408
2400 170 1.41221 0.801695 -0.0305393
2600 155 1.08516 0.778342 0.0436247
2800 156 0.439997 0.653361 -0.0191921
3000 143 0.0085486 0.724816 -0.0689742
3200 158 -0.471005 0.688807 0.0310926
3400 163 -0.740554 0.746912 0.111519
3600 174 -0.14809 0.654963 -0.0964649
3800 164 0.252879 0.778853 -0.0956059
4000 162 0.11332 0.718445 0.0341268
4200 155 -0.0755303 0.63406 0.371878
4400 156 -0.203822 0.602324 0.303194
4600 166 -0.103793 0.579068 0.338804
4800 152 -0.166221 0.618341 0.39928
5000 150 -0.101775 0.580212 0.373764
5200 163 -0.0203087 0.597894 0.447993
5400 151 0.0197078 0.575469 0.269953
5600 157 -0.0108635 0.571508 0.304874
5800 155 0.0143262 0.570655 0.319235
6000 154 -0.0295454 0.585311 0.32033
