200 135 0.174706 0.69253 0.00108959
400 131 0.539457 0.691012 -0.0321041
600 140 1.78947 0.831623 -0.0817376
800 140 1.89222 0.685288 -0.0696398
1000 142 1.30573 0.692349 -0.0167074
1200 159 1.10073 0.621862 0.0300395
1400 156 1.09086 0.669786 0.0442653
1600 156 0.666938 0.656208 0.0303253
1800 172 0.696007 0.59302 -0.0133602
2000 176 0.393924 0.662723 -0.0469984
2200 173 -0.0696351 0.711328 -0.0149952
2400 155 -0.04951 0.636576 0.075365
2600 165 -0.224915 0.655785 0.0110336
2800 175 -0.516206 0.714778 0.00992152
3000 174 -0.825876 0.705387 -0.0184365
3200 173 -0.622668 0.696528 0.0509164
3400 149 -0.409742 0.712818 -0.00895698
3600 168 -0.48551 0.736129 -0.0517206
3800 155 -0.149652 0.721061 -0.0274354
4000 143 0.194479 0.690481 -0.0435595
4200 135 -0.457313 0.804002 0.176555
4400 140 -0.551779 0.813489 0.126265
4600 112 -0.0751514 0.697539 0.244302
4800 124 0.0390892 0.664747 -0.0391469
5000 115 0.0700228 0.683514 0.146145
5200 116 0.135291 0.768687 0.0933839
5400 119 0.176295 0.620128 0.13125
5600 106 0.136679 0.652316 0.140813
5800 110 0.0430211 0.677426 0.135273
6000 88 -0.0787766 0.679663 0.0331254
