200 119 1.1221 0.69271 -0.00996229
400 129 1.19468 0.671206 0.0347885
600 152 1.09295 0.693655 -0.00650012
800 119 0.88825 0.639804 -0.00424828
1000 145 0.592816 0.613882 0.0192117
1200 146 0.459884 0.681723 0.022663
1400 126 0.378811 0.697593 -0.0204654
1600 143 0.41422 0.632322 0.0202178
1800 137 0.19922 0.583354 0.102864
2000 156 0.0195309 0.710754 -0.0524295
2200 145 -0.300324 0.719028 -0.0442136
2400 152 0.218174 0.624216 0.0567795
2600 143 0.114159 0.644003 -0.0797902
2800 150 -0.192848 0.701879 -0.0470003
3000 158 -0.359403 0.672025 0.0559061
3200 158 0.308032 0.715517 -0.0376608
3400 173 0.141598 0.739722 0.0383554
3600 163 0.118829 0.709322 0.126372
3800 181 -0.160971 0.660445 0.0231323
4000 161 -0.611129 0.650288 -0.00510358
4200 135 -0.00466793 0.63524 0.074747
4400 123 -0.0123329 0.665747 0.0147765
4600 132 -0.100865 0.688818 0.092978
4800 117 0.218829 0.573243 0.226136
5000 108 0.434187 0.579218 0.144944
5200 96 0.423966 0.5553 0.201889
5400 120 0.429418 0.653926 0.111697
5600 106 0.207043 0.591157 0.23934
5800 106 -0.392309 0.784894 0.172099
6000 108 0.251624 0.750934 0.314652
