id x y phenotype1 envi phenotype2 
0 0.822907 0.479066 0.98429 -0.750358 0.98429
1 0.643611 0.335954 0.150996 0.0285656 0.150996
2 0.982868 0.665324 0.15136 -0.515163 0.15136
3 0.0165208 0.115027 -0.340994 -0.575745 -0.340994
4 0.0220655 0.116236 -0.557593 -0.571931 -0.557593
5 0.221739 0.577814 0.576799 0.402166 0.576799
6 0.932805 0.865815 -0.369855 -0.357762 -0.369855
7 0.690193 0.813793 -1.4358 -0.0896104 -1.4358
8 0.0473184 0.817338 0.409983 -1.50666 0.409983
9 0.528032 0.0431789 0.777554 1.54129 0.777554
10 0.824292 0.14973 -0.831124 -0.855236 -0.831124
11 0.957568 0.254649 0.604278 -1.82183 0.604278
12 0.793031 0.179492 0.512808 -0.861924 0.512808
13 0.56938 0.945731 0.0234114 0.47503 0.0234114
14 0.784188 0.938152 -0.589036 -0.466184 -0.589036
15 0.938131 0.897103 0.942158 -0.404149 0.942158
16 0.56498 0.943406 0.390793 0.498457 0.390793
17 0.320621 0.990839 0.142348 -0.162913 0.142348
18 0.0218274 0.119261 -0.559818 -0.578266 -0.559818
19 0.942004 0.851246 -0.977363 -0.332171 -0.977363
20 0.550468 0.71997 1.48824 0.607041 1.48824
21 0.953141 0.593701 0.403245 -0.778051 0.403245
22 0.0478054 0.4278 -0.501963 -0.813417 -0.501963
23 0.213286 0.00358647 -0.734132 -0.384281 -0.734132
24 0.432109 0.57443 0.325603 0.846229 0.325603
25 0.974026 0.053449 1.13747 -1.06222 1.13747
26 0.783473 0.934689 -0.542877 -0.463275 -0.542877
27 0.787599 0.935247 -0.268766 -0.463718 -0.268766
28 0.781847 0.933993 -0.964811 -0.462711 -0.964811
29 0.0508691 0.827936 0.972341 -1.46019 0.972341
30 0.779543 0.937008 0.924242 -0.465213 0.924242
31 0.507788 0.714332 -0.399216 0.814515 -0.399216
32 0.0163864 0.113852 -0.343269 -0.573463 -0.343269
33 0.311477 0.373919 -1.03434 0.423397 -1.03434
34 0.430836 0.827874 -0.24027 0.685464 -0.24027
35 0.632306 0.294026 -0.277518 0.094373 -0.277518
36 0.502266 0.320448 0.407827 1.17482 0.407827
37 0.77589 0.67589 -0.386717 -0.381355 -0.386717
38 0.781458 0.937332 -0.0091677 -0.465484 -0.0091677
39 0.269236 0.260073 1.43514 -0.0727552 1.43514
40 0.558914 0.919189 0.0900076 0.533687 0.0900076
41 0.423087 0.832931 -0.567164 0.66059 -0.567164
42 0.791817 0.169305 -0.680683 -0.810568 -0.680683
43 0.381666 0.013496 -0.0270706 0.770612 -0.0270706
44 0.324667 0.998863 -1.51551 -0.169607 -1.51551
45 0.565974 0.0105236 -0.19484 1.36133 -0.19484
46 0.490477 0.709961 0.929484 0.847839 0.929484
47 0.570091 0.943853 0.457277 0.471637 0.457277
48 0.564077 0.938146 0.854391 0.504017 0.854391
49 0.308207 0.392262 -1.14167 0.452646 -1.14167
50 0.985292 0.671491 0.763279 -0.489063 0.763279
51 0.453565 0.562439 0.27232 0.874713 0.27232
52 0.427504 0.826662 1.17714 0.680037 1.17714
53 0.960823 0.88892 0.83861 -0.386681 0.83861
54 0.260732 0.25804 -0.0358183 -0.128672 -0.0358183
55 0.957163 0.283157 0.500919 -1.74341 0.500919
56 0.646142 0.334742 0.037801 0.00745146 0.037801
57 0.98808 0.561549 0.768655 -0.98689 0.768655
58 0.98838 0.678144 0.662178 -0.460518 0.662178
59 0.806276 0.63167 -0.136341 -0.456735 -0.136341
60 0.961789 0.585327 -1.08643 -0.827866 -1.08643
61 0.304538 0.401807 -0.757767 0.462449 -0.757767
62 0.361711 0.0380303 0.0330575 0.580769 0.0330575
63 0.977833 0.0529956 0.518705 -1.07658 0.518705
64 0.316415 0.983601 1.03123 -0.15874 1.03123
65 0.549864 0.736484 0.0100485 0.604735 0.0100485
66 0.964337 0.236736 0.290165 -1.80444 0.290165
67 0.774919 0.938143 -0.423438 -0.466113 -0.423438
68 0.936121 0.861802 0.112669 -0.350571 0.112669
69 0.362235 0.0203948 -0.931442 0.59594 -0.931442
70 0.78679 0.931607 -0.505024 -0.460616 -0.505024
71 0.260085 0.795234 -0.135406 0.477777 -0.135406
72 0.0155726 0.116059 -0.758654 -0.578955 -0.758654
73 0.963057 0.590026 -0.854265 -0.811143 -0.854265
74 0.00474952 0.141474 0.31575 -0.647361 0.31575
75 0.994052 0.0965916 -0.847004 -1.33027 -0.847004
76 0.837024 0.647713 0.227533 -0.461723 0.227533
77 0.486591 0.712935 -0.597972 0.84384 -0.597972
78 0.416004 0.741244 1.16898 0.79049 1.16898
79 0.959227 0.890732 1.09871 -0.389982 1.09871
80 0.209608 0.576513 1.10759 0.299954 1.10759
81 0.038604 0.106702 0.278571 -0.535884 0.278571
82 0.799317 0.647428 0.027379 -0.428124 0.027379
83 0.571359 0.949594 0.305377 0.463968 0.305377
84 0.327489 0.992368 0.112467 -0.130026 0.112467
85 0.642071 0.334651 -0.358203 0.0399052 -0.358203
86 0.690763 0.82077 -0.637152 -0.0960037 -0.637152
87 0.334319 0.98958 -0.547577 -0.0820241 -0.547577
88 0.789264 0.170191 0.117246 -0.804167 0.117246
89 0.632507 0.304564 -0.0876467 0.0987864 -0.0876467
90 0.562337 0.942265 0.527708 0.512462 0.527708
91 0.434338 0.557622 1.37934 0.853568 1.37934
92 0.967175 0.869204 0.644158 -0.352421 0.644158
93 0.45633 0.572082 -0.776747 0.874476 -0.776747
94 0.822968 0.151161 -0.692314 -0.856225 -0.692314
95 0.310823 0.379657 -0.503542 0.433639 -0.503542
96 0.8289 0.14554 -1.08331 -0.855388 -1.08331
97 0.984417 0.658954 -0.398933 -0.544458 -0.398933
98 0.507982 0.321785 -1.08883 1.12642 -1.08883
99 0.966523 0.586958 -0.922702 -0.830402 -0.922702
100 0.973157 0.271683 1.1395 -1.83689 1.1395
101 0.792485 0.15975 -0.0450353 -0.76978 -0.0450353
102 0.571299 0.943324 0.407656 0.46541 0.407656
103 0.331922 0.989098 -0.952666 -0.0936711 -0.952666
104 0.170327 0.978597 0.525027 -0.800872 0.525027
105 0.825578 0.455578 0.205116 -0.816241 0.205116
106 0.437928 0.553483 -1.06292 0.859067 -1.06292
107 0.981882 0.591496 1.12791 -0.840136 1.12791
108 0.356948 0.0305492 0.46169 0.544436 0.46169
109 0.0475151 0.42821 -0.503169 -0.815226 -0.503169
110 0.646467 0.317676 -0.22264 -0.00846271 -0.22264
111 0.945403 0.83489 -0.957214 -0.305185 -0.957214
112 0.487134 0.723845 -0.24124 0.839138 -0.24124
113 0.332024 0.997269 -0.806886 -0.121677 -0.806886
114 0.542055 0.747101 -0.693291 0.63804 -0.693291
115 0.831635 0.146456 -1.00203 -0.870794 -1.00203
116 0.80901 0.624611 -0.698647 -0.470267 -0.698647
117 0.63129 0.31149 0.317555 0.112947 0.317555
118 0.805973 0.627439 -0.91389 -0.462347 -0.91389
119 0.570189 0.943981 0.833962 0.471104 0.833962
120 0.0178103 0.106342 0.150525 -0.556468 0.150525
121 0.791012 0.924557 -1.14906 -0.45437 -1.14906
122 0.777115 0.985063 0.532327 -0.504116 0.532327
123 0.900645 0.866218 0.569312 -0.368601 0.569312
124 0.930744 0.870581 -0.122104 -0.365588 -0.122104
125 0.437159 0.573242 -0.365687 0.852294 -0.365687
126 0.0476639 0.440837 -0.647546 -0.817496 -0.647546
127 0.504052 0.462107 -1.21573 0.984824 -1.21573
128 0.0120683 0.146272 0.142726 -0.647011 0.142726
129 0.0146839 0.187942 -0.324482 -0.730175 -0.324482
130 0.909029 0.881023 -0.539252 -0.386744 -0.539252
131 0.967701 0.592318 -0.505064 -0.810342 -0.505064
132 0.0522691 0.826199 0.690006 -1.45009 0.690006
133 0.624977 0.307471 -0.144447 0.163543 -0.144447
134 0.303498 0.418062 -0.0720869 0.497227 -0.0720869
135 0.984152 0.0659636 0.51244 -1.15864 0.51244
136 0.577854 0.943625 0.0138875 0.431056 0.0138875
137 0.963323 0.5883 0.112906 -0.818711 0.112906
138 0.847166 0.14695 -0.572477 -0.937095 -0.572477
139 0.63486 0.309679 0.256625 0.0821355 0.256625
140 0.938574 0.865669 -0.141439 -0.355692 -0.141439
141 0.366945 0.00422324 -0.0365754 0.647608 -0.0365754
142 0.783018 0.931418 -0.255384 -0.460544 -0.255384
143 0.827835 0.474213 0.274662 -0.779153 0.274662
144 0.0486395 0.818944 1.13831 -1.49234 1.13831
145 0.551693 0.948551 0.901597 0.567339 0.901597
146 0.564714 0.947827 0.798473 0.499137 0.798473
147 0.99705 0.692849 1.0008 -0.395181 1.0008
148 0.977329 0.671627 -0.47459 -0.484529 -0.47459
149 0.0332445 0.818324 -0.783227 -1.63354 -0.783227
150 0.829094 0.144137 -0.912326 -0.84988 -0.912326
151 0.368266 0.0430681 -0.03186 0.632992 -0.03186
152 0.263304 0.814046 0.697898 0.389684 0.697898
153 0.555484 0.922905 -1.28325 0.550895 -1.28325
154 0.209697 0.581184 -1.02891 0.299099 -1.02891
155 0.668166 0.808309 0.55038 0.0200157 0.55038
156 0.841099 0.173174 -0.544156 -1.02943 -0.544156
157 0.514233 0.312189 -0.855437 1.08583 -0.855437
158 0.381544 0.0214996 0.823276 0.762879 0.823276
159 0.0845216 0.693707 -0.330581 -1.04294 -0.330581
160 0.370321 0.0376863 -0.3071 0.65409 -0.3071
161 0.930662 0.870004 -0.667032 -0.364745 -0.667032
162 0.376165 0.021967 -0.608946 0.71582 -0.608946
163 0.861961 0.0158723 0.982087 -0.415893 0.982087
164 0.373129 0.0218013 -0.251898 0.689605 -0.251898
165 0.0193575 0.10626 -0.118577 -0.554721 -0.118577
166 0.0577507 0.108546 -1.40077 -0.519161 -1.40077
167 0.648473 0.335455 0.0588872 -0.0105926 0.0588872
168 0.567392 0.942179 0.407353 0.486042 0.407353
169 0.83291 0.147842 -0.917523 -0.882274 -0.917523
170 0.497666 0.725248 -0.326725 0.845061 -0.326725
171 0.482565 0.723579 -0.108177 0.836383 -0.108177
172 0.960892 0.588699 -0.946544 -0.81244 -0.946544
173 0.268274 0.821584 -0.192746 0.362611 -0.192746
174 0.803471 0.921678 0.686515 -0.451017 0.686515
175 0.0578045 0.825998 0.773837 -1.40128 0.773837
176 0.571801 0.941859 0.318325 0.463048 0.318325
177 0.959414 0.588675 -0.17683 -0.80972 -0.17683
178 0.997851 0.565895 0.699096 -0.989694 0.699096
179 0.96372 0.26888 -0.273946 -1.80757 -0.273946
180 0.925146 0.849333 0.000441476 -0.335846 0.000441476
181 0.943575 0.832641 -0.666357 -0.302512 -0.666357
182 0.00790477 0.118555 -0.217226 -0.593086 -0.217226
183 0.0178132 0.114683 -0.607639 -0.573586 -0.607639
184 0.626589 0.306482 0.0615759 0.149549 0.0615759
185 0.826431 0.487313 0.24281 -0.742669 0.24281
186 0.449777 0.557694 0.19062 0.87188 0.19062
187 0.79526 0.928483 0.915522 -0.457639 0.915522
188 0.0521225 0.824786 0.260097 -1.45319 0.260097
189 0.933534 0.865398 -0.713669 -0.356897 -0.713669
190 0.630984 0.311091 -0.111798 0.115265 -0.111798
191 0.951891 0.291566 -0.507267 -1.70035 -0.507267
192 0.940585 0.833986 -0.171137 -0.306 -0.171137
193 0.946552 0.228699 0.376752 -1.69906 0.376752
194 0.83164 0.139222 -0.432065 -0.838324 -0.432065
195 0.435947 0.571224 0.774697 0.851507 0.774697
196 0.389316 0.172839 -0.997701 0.690484 -0.997701
197 0.580073 0.0064722 -0.4888 1.27639 -0.4888
198 0.0617955 0.863722 0.23498 -1.32965 0.23498
199 0.964575 0.215636 -1.12478 -1.71518 -1.12478
200 0.988301 0.0657383 0.466908 -1.17535 0.466908
201 0.794383 0.669311 0.207918 -0.397111 0.207918
202 0.7874 0.945358 -0.294348 -0.472375 -0.294348
203 0.0310511 0.111331 -0.979116 -0.552403 -0.979116
204 0.963921 0.594656 -0.90674 -0.793774 -0.90674
205 0.681638 0.816176 -0.542815 -0.0491758 -0.542815
206 0.679916 0.522436 -0.138388 -0.0508367 -0.138388
207 0.812112 0.617583 -0.566579 -0.484935 -0.566579
208 0.934353 0.881201 0.349372 -0.380653 0.349372
209 0.454226 0.574348 -0.866238 0.871279 -0.866238
210 0.98526 0.593778 0.78285 -0.836221 0.78285
211 0.54267 0.923814 -0.552918 0.617103 -0.552918
212 0.305998 0.427675 0.58514 0.526566 0.58514
213 0.668841 0.535198 0.669223 0.0125645 0.669223
214 0.928973 0.863118 -0.562718 -0.354955 -0.562718
215 0.782205 0.172782 1.21001 -0.78715 1.21001
216 0.950728 0.594856 0.221519 -0.769177 0.221519
217 0.679624 0.536039 1.00216 -0.0466989 1.00216
218 0.501199 0.303362 0.266833 1.2054 0.266833
219 0.512092 0.479643 0.575651 0.915405 0.575651
220 0.529209 0.048732 1.11827 1.51895 1.11827
221 0.326057 0.985345 0.32629 -0.112637 0.32629
222 0.516267 0.478575 -0.120067 0.891765 -0.120067
223 0.989219 0.0815937 -0.0659421 -1.24641 -0.0659421
224 0.293943 0.386806 -0.244085 0.390717 -0.244085
225 0.829185 0.151049 -1.01257 -0.881328 -1.01257
226 0.933271 0.248904 -0.53586 -1.73343 -0.53586
227 0.31649 0.985247 -0.0275154 -0.164627 -0.0275154
228 0.953075 0.594583 1.17112 -0.774477 1.17112
229 0.693389 0.0791253 -0.639789 0.204493 -0.639789
230 0.381238 0.0150077 1.00876 0.765603 1.00876
231 0.683868 0.53765 0.51199 -0.0697476 0.51199
232 0.018477 0.118711 -0.125429 -0.581078 -0.125429
233 0.81605 0.62516 -0.224508 -0.478514 -0.224508
234 0.795618 0.908024 1.26726 -0.439351 1.26726
235 0.569946 0.945025 0.0817657 0.472191 0.0817657
236 0.219561 0.574612 -0.978774 0.384313 -0.978774
237 0.633564 0.301154 0.412812 0.0878588 0.412812
238 0.826152 0.155699 -0.497681 -0.889764 -0.497681
239 0.0191829 0.119238 -0.239088 -0.581327 -0.239088
240 0.0558885 0.423776 -0.562302 -0.765507 -0.562302
241 0.24888 0.796769 0.0114981 0.443751 0.0114981
242 0.396917 0.187954 -0.458393 0.727723 -0.458393
243 0.373734 0.0258505 1.14147 0.691855 1.14147
244 0.309858 0.425291 0.309779 0.531764 0.309779
245 0.226173 0.567162 1.0534 0.440409 1.0534
246 0.624929 0.300548 1.04673 0.160652 1.04673
247 0.878407 0.0108336 0.0850584 -0.465005 0.0850584
248 0.821047 0.66572 0.84897 -0.417302 0.84897
249 0.564157 0.945205 0.577451 0.502477 0.577451
250 0.777932 0.929556 0.643341 -0.459149 0.643341
251 0.973876 0.238418 0.407226 -1.84957 0.407226
252 0.520036 0.947848 0.122379 0.733452 0.122379
253 0.0603772 0.411184 -1.30452 -0.739153 -1.30452
254 0.638021 0.308426 0.415771 0.0549332 0.415771
255 0.971382 0.273288 1.14073 -1.82558 1.14073
256 0.489293 0.708035 0.304679 0.847947 0.304679
257 0.981775 0.582228 -0.568164 -0.880792 -0.568164
258 0.329179 0.982568 -0.112303 -0.0856747 -0.112303
259 0.0501614 0.415266 -0.981166 -0.797006 -0.981166
260 0.471461 0.738694 -1.40543 0.823172 -1.40543
261 0.784515 0.938247 -0.0630701 -0.466266 -0.0630701
262 0.0694605 0.667608 1.16158 -1.12922 1.16158
263 0.96774 0.594241 -0.0304479 -0.802399 -0.0304479
264 0.0119967 0.12419 -0.661093 -0.600271 -0.661093
265 0.781948 0.335444 -0.723663 -0.941191 -0.723663
266 0.898825 0.874397 0.168838 -0.380299 0.168838
267 0.62699 0.298436 -0.0160139 0.142133 -0.0160139
268 0.632168 0.309422 -0.95714 0.104448 -0.95714
269 0.476903 0.732251 -0.512728 0.829092 -0.512728
270 0.569334 0.943745 0.235348 0.475621 0.235348
271 0.777823 0.925944 -0.648318 -0.456217 -0.648318
272 0.535812 0.758532 -0.593173 0.665599 -0.593173
273 0.705881 0.811881 1.09543 -0.164839 1.09543
274 0.508743 0.043192 -0.0556068 1.6801 -0.0556068
275 0.00731961 0.119652 -0.757825 -0.596157 -0.757825
276 0.423925 0.82855 -0.144979 0.669383 -0.144979
277 0.521365 0.0466908 0.883366 1.58077 0.883366
278 0.818845 0.48468 -0.239258 -0.722834 -0.239258
279 0.92998 0.865134 -0.103383 -0.357645 -0.103383
280 0.773384 0.683256 0.423986 -0.374004 0.423986
281 0.658984 0.811627 0.610838 0.0631119 0.610838
282 0.841294 0.172914 -0.14176 -1.02907 -0.14176
283 0.940693 0.871312 -0.0289261 -0.363752 -0.0289261
284 0.499053 0.309182 -0.131078 1.20332 -0.131078
285 0.777859 0.154192 1.22956 -0.68429 1.22956
286 0.320523 0.998021 0.395729 -0.190315 0.395729
287 0.677984 0.0750029 0.823473 0.336914 0.823473
288 0.992768 0.574226 -0.394661 -0.939744 -0.394661
289 0.964301 0.876609 1.04205 -0.365553 1.04205
290 0.0744117 0.428369 -0.44688 -0.65696 -0.44688
291 0.804675 0.621095 -0.274353 -0.469537 -0.274353
292 0.403149 0.0262747 -0.844149 0.945228 -0.844149
293 0.0642606 0.437452 -0.667548 -0.716299 -0.667548
294 0.42668 0.83095 0.0601894 0.671776 0.0601894
295 0.0978583 0.370617 0.383601 -0.555926 0.383601
296 0.318254 0.994927 0.752652 -0.191617 0.752652
297 0.682016 0.534658 -0.383483 -0.0601388 -0.383483
298 0.628253 0.309376 0.092003 0.137103 0.092003
299 0.668995 0.0835492 -0.150241 0.371513 -0.150241
300 0.295147 0.408642 -0.778962 0.449476 -0.778962
301 0.0423646 0.874267 -0.383074 -1.46097 -0.383074
302 0.687157 0.79565 0.749633 -0.0656147 0.749633
303 0.971682 0.592499 -0.638474 -0.816921 -0.638474
304 0.451511 0.559183 -0.00349449 0.873427 -0.00349449
305 0.627909 0.29711 -0.479956 0.133632 -0.479956
306 0.266152 0.817461 0.443318 0.378394 0.443318
307 0.42327 0.83563 -0.199743 0.656728 -0.199743
308 0.0571569 0.422725 -1.17863 -0.75806 -1.17863
309 0.873355 0.0011655 0.834136 -0.400275 0.834136
310 0.659661 0.545005 -0.473368 0.0642053 -0.473368
311 0.775613 0.329495 -0.868388 -0.930981 -0.868388
312 0.947093 0.299372 0.797221 -1.66092 0.797221
313 0.214606 0.567961 0.105517 0.344385 0.105517
314 0.998931 0.0862208 -0.389323 -1.30704 -0.389323
315 0.570292 0.941793 0.603048 0.47095 0.603048
316 0.514067 0.941655 -0.678964 0.764859 -0.678964
317 0.0211368 0.116295 -0.503331 -0.573108 -0.503331
318 0.96609 0.589963 -1.29555 -0.81712 -1.29555
319 0.171995 0.980022 -0.235031 -0.798223 -0.235031
320 0.63233 0.325821 0.121342 0.112613 0.121342
321 0.878282 0.00263703 1.17144 -0.428272 1.17144
322 0.792495 0.935134 -0.442285 -0.463588 -0.442285
323 0.967084 0.593669 -0.883458 -0.803586 -0.883458
324 0.51555 0.48535 0.218357 0.888748 0.218357
325 0.836587 0.150679 -0.662437 -0.91016 -0.662437
326 0.250884 0.243006 0.222769 -0.217941 0.222769
327 0.16327 0.981424 0.645941 -0.834773 0.645941
328 0.021923 0.110734 -0.698174 -0.561069 -0.698174
329 0.815073 0.633566 -0.35448 -0.464098 -0.35448
330 0.689874 0.802189 -0.903335 -0.0820697 -0.903335
331 0.434808 0.573519 1.22695 0.849545 1.22695
332 0.955056 0.884963 0.94081 -0.381539 0.94081
333 0.966558 0.553868 1.10559 -0.967745 1.10559
334 0.26749 0.246 0.36205 -0.115258 0.36205
335 0.503315 0.456137 -0.616214 0.996833 -0.616214
336 0.976989 0.0589684 0.87851 -1.09838 0.87851
337 0.968684 0.597668 -0.805318 -0.789767 -0.805318
338 0.939006 0.871076 0.251365 -0.363886 0.251365
339 0.56336 0.946513 0.468535 0.506447 0.468535
340 0.368054 0.0329564 0.928864 0.638035 0.928864
341 0.67431 0.545464 0.44319 -0.0158826 0.44319
342 0.30644 0.381852 -0.707982 0.42284 -0.707982
343 0.930951 0.87369 -0.621423 -0.370205 -0.621423
344 0.489891 0.702539 0.029975 0.850957 0.029975
345 0.50497 0.0449158 -0.0658978 1.70335 -0.0658978
346 0.989132 0.570694 -0.0325309 -0.94792 -0.0325309
347 0.239991 0.792156 -0.28937 0.378984 -0.28937
348 0.565987 0.942128 0.484125 0.493396 0.484125
349 0.802378 0.485095 0.0796768 -0.665001 0.0796768
350 0.647158 0.329125 0.183547 -0.00509878 0.183547
351 0.390151 0.170277 -0.60735 0.69865 -0.60735
352 0.77505 0.34185 -0.680216 -0.900408 -0.680216
353 0.336428 0.98047 0.605039 -0.0392723 0.605039
354 0.680001 0.537289 -0.889301 -0.048542 -0.889301
355 0.521607 0.941687 -0.69534 0.725447 -0.69534
356 0.330835 0.996314 0.745981 -0.125121 0.745981
357 0.974979 0.862712 0.334055 -0.338984 0.334055
358 0.447485 0.563878 -1.0301 0.867114 -1.0301
359 0.702551 0.07907 -0.679145 0.135606 -0.679145
360 0.220142 0.576718 1.14413 0.388837 1.14413
361 0.324098 0.426705 0.262056 0.573917 0.262056
362 0.0214444 0.118725 -0.308611 -0.57764 -0.308611
363 0.279526 0.276875 1.25329 0.034039 1.25329
364 0.81701 0.483578 1.13386 -0.719134 1.13386
365 0.00925548 0.145031 0.215964 -0.648543 0.215964
366 0.78504 0.933602 -0.65682 -0.462342 -0.65682
367 0.813656 0.661506 -0.57158 -0.419409 -0.57158
368 0.782954 0.334047 -1.26602 -0.948227 -1.26602
369 0.0925524 0.374003 -1.51724 -0.579878 -1.51724
370 0.449646 0.557815 0.251693 0.871684 0.251693
371 0.79071 0.935271 -0.311263 -0.463719 -0.311263
372 0.568431 0.945251 0.29063 0.480083 0.29063
373 0.218365 0.00420445 1.00183 -0.385085 1.00183
374 0.0187635 0.11177 -0.319438 -0.566574 -0.319438
375 0.336444 0.992703 -0.669717 -0.0808373 -0.669717
376 0.482121 0.717744 0.305275 0.838714 0.305275
377 0.811269 0.628648 -0.798922 -0.467135 -0.798922
378 0.774093 0.334398 -1.13014 -0.913949 -1.13014
379 0.556181 0.942342 -0.338741 0.544637 -0.338741
380 0.826969 0.138734 -0.550381 -0.816797 -0.550381
381 0.784135 0.935222 -0.235693 -0.463718 -0.235693
382 0.970466 0.291239 0.751656 -1.77311 0.751656
383 0.96861 0.58944 -0.571449 -0.82406 -0.571449
384 0.0162814 0.127523 0.887147 -0.601888 0.887147
385 0.62367 0.308397 -0.3054 0.174913 -0.3054
386 0.701319 0.805097 0.785982 -0.138951 0.785982
387 0.398913 0.0235237 -1.00202 0.911544 -1.00202
388 0.787039 0.941116 -0.933973 -0.468736 -0.933973
389 0.621855 0.310964 0.371367 0.1912 0.371367
390 0.221572 0.028591 -0.184862 -0.376788 -0.184862
391 0.667455 0.540554 0.886727 0.020941 0.886727
392 0.931338 0.249785 -0.239893 -1.7296 -0.239893
393 0.695874 0.795351 -0.341564 -0.107408 -0.341564
394 0.565758 0.946106 0.854273 0.493943 0.854273
395 0.533094 0.941341 -0.595734 0.665427 -0.595734
396 0.629165 0.30595 0.0090669 0.127656 0.0090669
397 0.033938 0.114159 -1.40873 -0.554547 -1.40873
398 0.490175 0.300656 -0.197728 1.16917 -0.197728
399 0.565867 0.939354 0.559542 0.49448 0.559542
400 0.434839 0.564072 0.332128 0.852303 0.332128
401 0.813166 0.665269 -0.34584 -0.413314 -0.34584
402 0.633465 0.320797 -0.959093 0.100407 -0.959093
403 0.780783 0.925364 -0.279188 -0.455595 -0.279188
404 0.97451 0.592064 1.34945 -0.823999 1.34945
405 0.519866 0.0532306 0.484275 1.57587 0.484275
406 0.0215509 0.110489 -0.89324 -0.560977 -0.89324
407 0.53348 0.0433192 -0.127476 1.50172 -0.127476
408 0.648671 0.337753 -0.173971 -0.0103029 -0.173971
409 0.230738 0.00136479 -0.709319 -0.388792 -0.709319
410 0.819223 0.656092 -0.374979 -0.431976 -0.374979
411 0.95049 0.233763 0.600779 -1.73655 0.600779
412 0.804034 0.684578 0.928054 -0.381223 0.928054
413 0.674463 0.539658 0.585788 -0.0176813 0.585788
414 0.367006 0.0263033 0.638222 0.633495 0.638222
415 0.538671 0.75195 -1.0137 0.652716 -1.0137
416 0.944035 0.836823 -0.748305 -0.308837 -0.748305
417 0.79708 0.433477 -1.04533 -0.767986 -1.04533
418 0.809752 0.658649 -0.463721 -0.421024 -0.463721
419 0.567939 0.943048 0.626848 0.483037 0.626848
420 0.998262 0.672976 0.662088 -0.488526 0.662088
421 0.82851 0.149332 -0.409843 -0.870825 -0.409843
422 0.800577 0.675555 0.376568 -0.392177 0.376568
423 0.574228 0.944246 0.553537 0.449917 0.553537
424 0.425337 0.190975 0.863635 0.915117 0.863635
425 0.944836 0.28399 1.21704 -1.69327 1.21704
426 0.832364 0.474478 -0.134525 -0.794252 -0.134525
427 0.422751 0.825088 0.0343031 0.672342 0.0343031
428 0.439108 0.848767 -0.895311 0.677258 -0.895311
429 0.00506728 0.100865 -0.624802 -0.557411 -0.624802
430 0.627411 0.311992 0.28581 0.145468 0.28581
431 0.519643 0.301217 0.481843 1.05204 0.481843
432 0.512886 0.497543 -0.519107 0.890774 -0.519107
433 0.0192034 0.204779 -0.763168 -0.755463 -0.763168
434 0.79242 0.164456 -1.04178 -0.790949 -1.04178
435 0.689022 0.544048 -0.764507 -0.0966807 -0.764507
436 0.873775 0.00417494 1.36291 -0.41542 1.36291
437 0.0367121 0.817156 0.0579356 -1.60401 0.0579356
438 0.501194 0.463557 -0.73515 1.00064 -0.73515
439 0.500181 0.311054 0.328925 1.20405 0.328925
440 0.684245 0.813695 -1.36392 -0.0606305 -1.36392
441 0.564304 0.0186644 -0.207981 1.34974 -0.207981
442 0.965346 0.596347 -0.325762 -0.789366 -0.325762
443 0.310719 0.379216 -0.552329 0.432289 -0.552329
444 0.45406 0.561774 0.178359 0.875527 0.178359
445 0.884068 0.00846123 1.03705 -0.479164 1.03705
446 0.959837 0.593902 -0.729807 -0.789441 -0.729807
447 0.801226 0.649904 0.626488 -0.42656 0.626488
448 0.0611325 0.825529 0.831001 -1.37224 0.831001
449 0.925003 0.876461 -0.347484 -0.375991 -0.347484
450 0.821617 0.649568 -0.851684 -0.444733 -0.851684
451 0.619194 0.30557 -1.08259 0.211224 -1.08259
452 0.305395 0.419604 0.0788672 0.506288 0.0788672
453 0.361089 0.00933295 0.260904 0.592553 0.260904
454 0.567215 0.94566 0.716818 0.486384 0.716818
455 0.53017 0.0556985 1.16545 1.49452 1.16545
456 0.334244 0.997502 0.850348 -0.109776 0.850348
457 0.807279 0.662958 -1.00247 -0.413084 -1.00247
458 0.994397 0.672953 0.0741861 -0.486818 0.0741861
459 0.373221 0.031186 1.09796 0.683496 1.09796
460 0.628377 0.308807 0.0138891 0.135768 0.0138891
461 0.774292 0.934733 -0.198054 -0.463391 -0.198054
462 0.424704 0.816191 -0.269248 0.690304 -0.269248
463 0.777248 0.93474 1.17832 -0.463371 1.17832
464 0.458617 0.560386 -0.520029 0.881388 -0.520029
465 0.773459 0.981646 0.910797 -0.500606 0.910797
466 0.78551 0.184719 -0.0852311 -0.855157 -0.0852311
467 0.928463 0.238194 -1.1307 -1.66798 -1.1307
468 0.685249 0.550217 -0.672485 -0.0747457 -0.672485
469 0.393736 0.0335805 -0.601696 0.856922 -0.601696
470 0.815412 0.621435 -0.566031 -0.483549 -0.566031
471 0.532229 0.0572536 0.980154 1.47552 0.980154
472 0.944248 0.845432 0.0665731 -0.32221 0.0665731
473 0.959956 0.280508 0.662261 -1.76142 0.662261
474 0.770292 0.345312 -0.88492 -0.874583 -0.88492
475 0.814255 0.62212 -0.602126 -0.480925 -0.602126
476 0.628321 0.31495 -0.531606 0.13945 -0.531606
477 0.427264 0.177475 0.000851319 0.946492 0.000851319
478 0.26025 0.770702 0.111283 0.600719 0.111283
479 0.954883 0.26251 -0.785327 -1.79008 -0.785327
480 0.775434 0.341968 -0.921591 -0.90158 -0.921591
481 0.550582 0.724982 -0.630945 0.604925 -0.630945
482 0.0197948 0.108887 -0.857352 -0.559605 -0.857352
483 0.626823 0.313359 0.615083 0.151041 0.615083
484 0.922159 0.87117 0.207812 -0.369012 0.207812
485 0.682968 0.814207 -0.567129 -0.0546775 -0.567129
486 0.63032 0.31353 0.201858 0.12214 0.201858
487 0.413721 0.191912 0.930982 0.836143 0.930982
488 0.942283 0.222124 0.450946 -1.65366 0.450946
489 0.36588 0.0240453 -0.315732 0.62525 -0.315732
490 0.371582 0.0255621 0.955289 0.673488 0.955289
491 0.537177 0.752647 -1.03322 0.65966 -1.03322
492 0.961125 0.596147 -0.697601 -0.782677 -0.697601
493 0.77853 0.674131 -0.143247 -0.384123 -0.143247
494 0.40005 0.0135939 -0.552824 0.931807 -0.552824
495 0.792232 0.938829 -0.266746 -0.466833 -0.266746
496 0.506245 0.289174 1.0047 1.17997 1.0047
497 0.331021 0.983648 -0.235485 -0.0794965 -0.235485
498 0.696752 0.0850963 -1.08946 0.154577 -1.08946
499 0.0427405 0.799685 -0.0207579 -1.57654 -0.0207579
500 0.259479 0.259644 -0.303839 -0.130953 -0.303839
501 0.499454 0.722165 -0.251731 0.847735 -0.251731
502 0.255978 0.253129 0.813018 -0.172389 0.813018
503 0.774197 0.94535 0.29337 -0.471848 0.29337
504 0.977532 0.0629134 1.24796 -1.11748 1.24796
505 0.557489 0.0148627 0.687684 1.40771 0.687684
506 0.938354 0.848332 0.144532 -0.329098 0.144532
507 0.498565 0.31915 -0.738764 1.18827 -0.738764
508 0.37067 0.0383753 1.00663 0.656564 1.00663
509 0.631493 0.307703 -0.222243 0.109104 -0.222243
510 0.93079 0.22811 1.2325 -1.63357 1.2325
511 0.627978 0.310064 0.235923 0.139753 0.235923
512 0.407098 0.00498433 -1.29431 1.00338 -1.29431
513 0.487055 0.306128 -0.849599 1.14756 -0.849599
514 0.316619 0.423792 0.113385 0.547309 0.113385
515 0.895257 0.870695 0.26742 -0.376329 0.26742
516 0.0796224 0.419936 0.0116303 -0.628965 0.0116303
517 0.00723462 0.118152 -0.799117 -0.592991 -0.799117
518 0.0684672 0.871484 0.446237 -1.27302 0.446237
519 0.489215 0.312103 -1.01152 1.15175 -1.01152
520 0.922383 0.867948 0.647381 -0.364223 0.647381
521 0.0076808 0.105922 -1.18392 -0.5659 -1.18392
522 0.782531 0.928804 -0.529985 -0.458375 -0.529985
523 0.212655 0.585036 0.141544 0.323165 0.141544
524 0.962809 0.587887 0.995 -0.819413 0.995
525 0.232519 0.583494 -0.908372 0.493622 -0.908372
526 0.811771 0.486731 1.00782 -0.693527 1.00782
527 0.778211 0.954173 0.356124 -0.479193 0.356124
528 0.802729 0.485962 0.00644575 -0.664166 0.00644575
529 0.56442 0.95244 -0.0460755 0.49994 -0.0460755
530 0.26219 0.800379 1.02877 0.455386 1.02877
531 0.0159546 0.119797 -1.09685 -0.586276 -1.09685
532 0.252745 0.268805 -0.786175 -0.140149 -0.786175
533 0.82187 0.66995 -0.907706 -0.410679 -0.907706
534 0.819617 0.64821 -0.987264 -0.445225 -0.987264
535 0.779168 0.934726 -0.453326 -0.463343 -0.453326
536 0.968526 0.28171 0.186899 -1.79151 0.186899
537 0.840351 0.634585 0.460229 -0.490935 0.460229
538 0.0091131 0.14423 0.479403 -0.647027 0.479403
539 0.55639 0.915206 0.648929 0.547266 0.648929
540 0.566354 0.946136 0.645356 0.490814 0.645356
541 0.373401 0.0260965 -0.0680371 0.688799 -0.0680371
542 0.967025 0.591469 -0.693661 -0.812626 -0.693661
543 0.933484 0.86908 -0.732624 -0.362496 -0.732624
544 0.520285 0.493359 0.191973 0.85296 0.191973
545 0.936158 0.870367 0.423008 -0.363645 0.423008
546 0.517223 0.948178 -0.573688 0.748198 -0.573688
547 0.81189 0.469288 0.101542 -0.735475 0.101542
548 0.77334 0.98502 -0.0428508 -0.503256 -0.0428508
549 0.182688 0.578722 0.149914 0.0709559 0.149914
550 0.327775 0.997733 -0.509739 -0.147663 -0.509739
551 0.0296661 0.812164 -0.461878 -1.67857 -0.461878
552 0.68495 0.548811 0.236531 -0.0734048 0.236531
553 0.693519 0.790246 0.946311 -0.093383 0.946311
554 0.300577 0.410568 -1.24008 0.470786 -1.24008
555 0.810887 0.478991 0.932057 -0.708894 0.932057
556 0.629759 0.320049 0.183151 0.130333 0.183151
557 0.102513 0.684411 -0.74734 -0.835666 -0.74734
558 0.782067 0.932508 -0.571627 -0.461473 -0.571627
559 0.0175382 0.113977 -0.622628 -0.572442 -0.622628
560 0.291071 0.404182 -0.662459 0.425465 -0.662459
561 0.23783 0.803089 -0.220383 0.304764 -0.220383
562 0.804999 0.621113 -0.965217 -0.46995 -0.965217
563 0.80403 0.164707 -0.18673 -0.839658 -0.18673
564 0.783401 0.91681 0.0283722 -0.448292 0.0283722
565 0.436775 0.561847 -0.137081 0.855217 -0.137081
566 0.292311 0.403038 -0.530062 0.426459 -0.530062
567 0.62129 0.30883 -0.957279 0.194995 -0.957279
568 0.0150642 0.0971322 0.0987258 -0.54007 0.0987258
569 0.898692 0.870072 0.0895978 -0.37446 0.0895978
570 0.775647 0.340172 -0.745265 -0.906518 -0.745265
571 0.632895 0.315936 -0.0520163 0.102209 -0.0520163
572 0.986659 0.597184 0.994681 -0.823471 0.994681
573 0.988525 0.0691495 1.18618 -1.19076 1.18618
574 0.668063 0.0562543 -0.134567 0.483258 -0.134567
575 0.028202 0.809159 0.197893 -1.69841 0.197893
576 0.821909 0.480307 0.423309 -0.743921 0.423309
577 0.666489 0.533675 -0.762427 0.0253202 -0.762427
578 0.981956 0.273144 0.583859 -1.8673 0.583859
579 0.569137 0.94111 0.640159 0.477106 0.640159
580 0.309483 0.419376 -0.236261 0.517514 -0.236261
581 0.788412 0.934497 -0.463013 -0.463067 -0.463013
582 0.631244 0.308342 -0.000661631 0.111551 -0.000661631
583 0.829225 0.147991 -0.73927 -0.867747 -0.73927
584 0.0234203 0.806375 0.941547 -1.74962 0.941547
585 0.833028 0.455985 -0.610779 -0.841438 -0.610779
586 0.943515 0.847423 -0.313402 -0.32562 -0.313402
587 0.650393 0.328795 0.282315 -0.03148 0.282315
588 0.260389 0.793134 0.452276 0.488725 0.452276
589 0.778884 0.938227 -0.123837 -0.466208 -0.123837
590 0.649906 0.321763 -0.291698 -0.0333731 -0.291698
591 0.254534 0.245942 0.756623 -0.193794 0.756623
592 0.831097 0.15059 -1.0142 -0.887142 -1.0142
593 0.782299 0.940187 0.17515 -0.467866 0.17515
594 0.962225 0.589153 -1.14446 -0.813134 -1.14446
595 0.961495 0.218717 -0.966528 -1.71601 -0.966528
596 0.875754 0.00314147 0.457905 -0.419478 0.457905
597 0.0222221 0.109889 -0.589155 -0.559058 -0.589155
598 0.629661 0.302067 0.477477 0.121386 0.477477
599 0.93072 0.891314 0.570352 -0.396768 0.570352
600 0.793881 0.168813 -1.0511 -0.816771 -1.0511
601 0.0888136 0.372065 -0.777448 -0.599212 -0.777448
602 0.811122 0.64823 0.635223 -0.437614 0.635223
603 0.960899 0.265057 0.0696711 -1.80685 0.0696711
604 0.842055 0.147578 -1.16529 -0.918815 -1.16529
605 0.0171734 0.103195 -0.521762 -0.550636 -0.521762
606 0.871821 0.00692803 1.25926 -0.41909 1.25926
607 0.439413 0.555351 -1.08713 0.860285 -1.08713
608 0.374917 0.0177618 -0.134561 0.708177 -0.134561
609 0.784196 0.935003 -0.787715 -0.463533 -0.787715
610 0.479473 0.737611 -1.18359 0.828286 -1.18359
611 0.786102 0.933377 -0.532567 -0.462137 -0.532567
612 0.638014 0.304882 0.825823 0.052651 0.825823
613 0.930047 0.875601 -0.257739 -0.373329 -0.257739
614 0.305351 0.376377 -0.93877 0.406308 -0.93877
615 0.800936 0.165301 -0.572823 -0.82968 -0.572823
616 0.994706 0.0713891 0.0598485 -1.22651 0.0598485
617 0.0135362 0.110371 -1.1799 -0.569308 -1.1799
618 0.791519 0.938833 -0.467846 -0.46683 -0.467846
619 0.382158 0.0243712 -0.633334 0.765791 -0.633334
620 0.661582 0.815427 0.591705 0.0488329 0.591705
621 0.685886 0.814724 -0.415072 -0.069131 -0.415072
622 0.000660327 0.112024 -0.464283 -0.586801 -0.464283
623 0.993388 0.568706 0.440093 -0.966503 0.440093
624 0.975962 0.673735 -0.66044 -0.474771 -0.66044
625 0.513328 0.48999 0.687524 0.896615 0.687524
626 0.787443 0.933383 -0.2723 -0.462123 -0.2723
627 0.481134 0.732906 -1.28495 0.831342 -1.28495
628 0.82444 0.637306 0.557999 -0.468343 0.557999
629 0.92102 0.236423 0.203047 -1.63067 0.203047
630 0.230237 0.00356223 -0.814278 -0.38765 -0.814278
631 0.923138 0.874245 0.0662575 -0.373241 0.0662575
632 0.446643 0.560082 -0.331583 0.867376 -0.331583
633 0.521283 0.316123 -1.01567 1.02335 -1.01567
634 0.628345 0.304258 0.511201 0.133653 0.511201
635 0.646789 0.335437 -0.43256 0.00283086 -0.43256
636 0.703446 0.802502 0.43889 -0.147804 0.43889
637 0.441799 0.559049 -0.822562 0.861984 -0.822562
638 0.804137 0.668674 -0.106368 -0.403186 -0.106368
639 0.785049 0.954762 0.271916 -0.480233 0.271916
640 0.565957 0.950448 0.436363 0.49219 0.436363
641 0.31907 0.385618 -1.311 0.475673 -1.311
642 0.491645 0.32159 -0.588104 1.15275 -0.588104
643 0.498037 0.317647 -1.03406 1.18767 -1.03406
644 0.220168 0.00313711 0.16498 -0.385801 0.16498
645 0.497974 0.465168 -0.919081 1.00181 -0.919081
646 0.423918 0.186907 0.609308 0.911012 0.609308
647 0.98295 0.0653649 1.31101 -1.15098 1.31101
648 0.221486 0.568115 -0.224047 0.401443 -0.224047
649 0.372821 0.0369976 1.13004 0.675822 1.13004
650 0.228277 0.0457985 -0.422207 -0.368472 -0.422207
651 0.00645253 0.121647 0.01775 -0.601544 0.01775
652 0.219935 0.57944 1.10946 0.386619 1.10946
653 0.372264 0.0218349 1.05713 0.682081 1.05713
654 0.824482 0.149986 -0.604131 -0.857168 -0.604131
655 0.825494 0.460839 -0.722386 -0.803261 -0.722386
656 0.808986 0.46474 -0.980325 -0.736153 -0.980325
657 0.4166 0.185569 0.113787 0.863285 0.113787
658 0.96094 0.595395 -0.428583 -0.785393 -0.428583
659 0.629466 0.316681 -0.628472 0.130917 -0.628472
660 0.784465 0.980122 0.853296 -0.501559 0.853296
661 0.517968 0.0428686 1.35215 1.61447 1.35215
662 0.307691 0.381231 -0.792491 0.4259 -0.792491
663 0.653612 0.33596 0.00853177 -0.0511453 0.00853177
664 0.314376 0.416562 0.815336 0.525552 0.815336
665 0.396784 0.0248727 -0.621298 0.891756 -0.621298
666 0.78396 0.936871 -0.844367 -0.465105 -0.844367
667 0.169832 0.972201 -0.276812 -0.786247 -0.276812
668 0.969127 0.593592 -0.581309 -0.807633 -0.581309
669 0.309036 0.417964 0.478504 0.513063 0.478504
670 0.768555 0.344282 -0.0561435 -0.870417 -0.0561435
671 0.507499 0.318077 -0.0190823 1.13478 -0.0190823
672 0.977816 0.667364 0.0562612 -0.503274 0.0562612
673 0.0594718 0.643918 -0.202985 -1.16083 -0.202985
674 0.784159 0.933064 -0.75979 -0.461902 -0.75979
675 0.689044 0.79303 -0.156328 -0.0733505 -0.156328
676 0.0370922 0.106714 0.0742851 -0.537455 0.0742851
677 0.801005 0.944783 0.373045 -0.472383 0.373045
678 0.785452 0.935373 -0.870785 -0.463837 -0.870785
679 0.565201 0.948686 0.449898 0.496447 0.449898
680 0.687104 0.541165 -0.816999 -0.086794 -0.816999
681 0.824598 0.423632 -1.61556 -0.889742 -1.61556
682 0.624177 0.3067 -1.05124 0.169889 -1.05124
683 0.988131 0.667097 -0.868445 -0.510314 -0.868445
684 0.569292 0.945262 -0.0973766 0.475576 -0.0973766
685 0.558705 0.736146 -0.408049 0.562968 -0.408049
686 0.788784 0.936203 -0.789179 -0.464534 -0.789179
687 0.930597 0.870885 0.264873 -0.366089 0.264873
688 0.782051 0.93089 0.0612258 -0.460128 0.0612258
689 0.786533 0.9377 -0.403471 -0.465814 -0.403471
690 0.96798 0.589054 -0.665388 -0.824478 -0.665388
691 0.836558 0.144757 -1.06954 -0.883492 -1.06954
692 0.643795 0.307282 -0.848183 0.0058115 -0.848183
693 0.810898 0.626391 -0.451193 -0.470053 -0.451193
694 0.472699 0.735925 -0.263251 0.825039 -0.263251
695 0.628606 0.306108 -0.323314 0.132432 -0.323314
696 0.966336 0.588908 -0.603278 -0.821955 -0.603278
697 0.225459 0.573111 -1.59299 0.434025 -1.59299
698 0.25868 0.795231 0.330833 0.475699 0.330833
699 0.308442 0.384744 -0.870606 0.4365 -0.870606
700 0.969118 0.892974 -0.392488 -0.391691 -0.392488
701 0.436804 0.568442 -0.22901 0.853306 -0.22901
702 0.933643 0.864193 -0.651564 -0.355034 -0.651564
703 0.627572 0.301731 -0.162318 0.138866 -0.162318
704 0.805666 0.630372 -0.0180137 -0.457843 -0.0180137
705 0.333899 0.997723 -0.518804 -0.112515 -0.518804
706 0.950547 0.228199 0.815452 -1.71286 0.815452
707 0.254995 0.261797 0.89768 -0.150134 0.89768
708 0.225619 0.00600163 -0.890911 -0.385726 -0.890911
709 0.805954 0.475152 0.963709 -0.700894 0.963709
710 0.52717 0.941273 -1.18155 0.696392 -1.18155
711 0.45479 0.567848 -0.111973 0.874226 -0.111973
712 0.987175 0.561541 0.141084 -0.984778 0.141084
713 0.523576 0.479328 -0.413646 0.847551 -0.413646
714 0.00631084 0.128644 -0.207139 -0.617031 -0.207139
715 0.686311 0.526403 -1.18463 -0.0855563 -1.18463
716 0.298352 0.414517 -0.659251 0.47366 -0.659251
717 0.55778 0.0186785 0.999166 1.39512 0.999166
718 0.417934 0.181294 0.0206346 0.877689 0.0206346
719 0.944481 0.247331 -0.872165 -1.77106 -0.872165
720 0.559236 0.933482 0.898686 0.529949 0.898686
721 0.963445 0.27801 0.579298 -1.78177 0.579298
722 0.997721 0.0958637 -0.87732 -1.34264 -0.87732
723 0.83279 0.149006 -0.750824 -0.887007 -0.750824
724 0.42889 0.558895 1.23119 0.846755 1.23119
725 0.262549 0.796982 0.507266 0.472788 0.507266
726 0.627142 0.312466 0.228869 0.147944 0.228869
727 0.514836 0.93917 0.0248842 0.760891 0.0248842
728 0.770201 0.666293 0.500119 -0.386646 0.500119
729 0.784515 0.168896 0.537827 -0.778836 0.537827
730 0.0447366 0.817114 1.1088 -1.53062 1.1088
731 0.253297 0.259459 0.0263356 -0.167627 0.0263356
732 0.82018 0.445314 -0.160762 -0.821887 -0.160762
733 0.870957 0.00207911 -0.928765 -0.393861 -0.928765
734 0.968363 0.596713 -0.883521 -0.793197 -0.883521
735 0.497309 0.317351 -0.624778 1.18457 -0.624778
736 0.552457 0.923484 -0.592709 0.566486 -0.592709
737 0.261291 0.258906 0.391705 -0.12269 0.391705
738 0.520341 0.0412627 0.772862 1.60127 0.772862
739 0.182017 0.597566 0.493843 0.050007 0.493843
740 0.298817 0.395458 -1.38957 0.428706 -1.38957
741 0.0327038 0.10442 0.431267 -0.537653 0.431267
742 0.780158 0.938326 -0.472423 -0.466299 -0.472423
743 0.940959 0.868935 0.54702 -0.359989 0.54702
744 0.503986 0.311696 -0.656014 1.17157 -0.656014
745 0.0917038 0.682187 -0.168194 -0.941334 -0.168194
746 0.629874 0.304588 0.0797748 0.120964 0.0797748
747 0.570253 0.945608 0.694487 0.470481 0.694487
748 0.788848 0.919315 -0.210612 -0.449966 -0.210612
749 0.0277913 0.82018 0.0433459 -1.67939 0.0433459
750 0.673705 0.0738101 1.32895 0.373658 1.32895
751 0.31428 0.992193 0.0572847 -0.203594 0.0572847
752 0.566749 0.947473 0.49236 0.488526 0.49236
753 0.976085 0.666371 1.26798 -0.506574 1.26798
754 0.977372 0.0642027 0.876351 -1.12228 0.876351
755 0.518498 0.943398 0.255429 0.74165 0.255429
756 0.533789 0.0511203 0.962628 1.47967 0.962628
757 0.236077 0.801621 -0.361501 0.294897 -0.361501
758 0.059801 0.428844 -0.905028 -0.742971 -0.905028
759 0.954011 0.282583 1.2027 -1.7327 1.2027
760 0.0511834 0.873582 -0.129366 -1.39767 -0.129366
761 0.391129 0.186311 -0.157668 0.690281 -0.157668
762 0.635412 0.31122 0.304123 0.0784963 0.304123
763 0.256071 0.270606 -1.33265 -0.115503 -1.33265
764 0.223084 0.00606752 -1.03439 -0.385271 -1.03439
765 0.190935 0.584072 -0.160289 0.137345 -0.160289
766 0.37025 0.0157921 0.166054 0.668845 0.166054
767 0.524122 0.0513224 1.29682 1.5495 1.29682
768 0.77574 0.666938 -0.316116 -0.389305 -0.316116
769 0.802482 0.62031 0.414133 -0.467626 0.414133
770 0.990349 0.0947969 -0.899527 -1.30709 -0.899527
771 0.655194 0.530794 -0.41889 0.0873622 -0.41889
772 0.261111 0.812566 0.0453098 0.39293 0.0453098
773 0.816246 0.453373 -1.02887 -0.788705 -1.02887
774 0.0228629 0.102684 -0.708637 -0.544019 -0.708637
775 0.0431293 0.877403 -0.283668 -1.45047 -0.283668
776 0.00841393 0.150965 0.232762 -0.662629 0.232762
777 0.559299 0.00941342 -1.11729 1.41037 -1.11729
778 0.255059 0.78539 0.217531 0.5206 0.217531
779 0.966709 0.594299 -0.862246 -0.80029 -0.862246
780 0.628686 0.31439 -0.227636 0.136141 -0.227636
781 0.313006 0.381745 -1.50726 0.44605 -1.50726
782 0.246734 0.252422 0.482077 -0.219378 0.482077
783 0.0411879 0.105212 0.228165 -0.530589 0.228165
784 0.829526 0.643092 -0.00437928 -0.463343 -0.00437928
785 0.953995 0.255179 0.329022 -1.8063 0.329022
786 0.624377 0.309015 0.00230613 0.169288 0.00230613
787 0.925256 0.879546 0.240324 -0.380483 0.240324
788 0.421899 0.189215 0.261792 0.894375 0.261792
789 0.259574 0.7937 -0.496794 0.484709 -0.496794
790 0.313643 0.408473 -0.695246 0.505962 -0.695246
791 0.498621 0.315993 0.0874418 1.19254 0.0874418
792 0.567339 0.946172 0.628398 0.485652 0.628398
793 0.578627 0.948554 0.0120345 0.426024 0.0120345
794 0.857025 0.00331066 0.874048 -0.338577 0.874048
795 0.809028 0.618832 -0.187913 -0.478745 -0.187913
796 0.000762328 0.116854 0.0123036 -0.59758 0.0123036
797 0.691061 0.0894334 -0.882534 0.180241 -0.882534
798 0.800174 0.683311 0.557603 -0.381832 0.557603
799 0.470389 0.725399 -0.648459 0.827973 -0.648459
800 0.924032 0.225547 -0.0287684 -1.59545 -0.0287684
801 0.521209 0.941599 0.621664 0.727532 0.621664
802 0.337015 0.989189 -1.22675 -0.0657014 -1.22675
803 0.785754 0.937094 -0.0764092 -0.465297 -0.0764092
804 0.771895 0.664867 0.363969 -0.388819 0.363969
805 0.985518 0.692578 0.8599 -0.394878 0.8599
806 0.487926 0.319397 -0.458005 1.13767 -0.458005
807 0.0126486 0.148368 0.66965 -0.650573 0.66965
808 0.773926 0.674203 0.049501 -0.381987 0.049501
809 0.305461 0.388839 -0.997665 0.43547 -0.997665
810 0.832839 0.154392 -0.573803 -0.911387 -0.573803
811 0.782447 0.178218 -1.0141 -0.812994 -1.0141
812 0.085555 0.368761 -1.14409 -0.616536 -1.14409
813 0.975391 0.663909 -0.846759 -0.516752 -0.846759
814 0.0495355 0.42001 0.195651 -0.801569 0.195651
815 0.0057925 0.148433 -0.178177 -0.661137 -0.178177
816 0.98686 0.677173 0.398339 -0.464304 0.398339
817 0.252655 0.274206 -0.969866 -0.122908 -0.969866
818 0.969179 0.596386 -0.871271 -0.796012 -0.871271
819 0.0105228 0.122711 -0.490407 -0.598924 -0.490407
820 0.0246805 0.802065 0.313593 -1.74703 0.313593
821 0.0477342 0.414161 -0.485056 -0.810454 -0.485056
822 0.377304 0.0257599 0.0657443 0.722734 0.0657443
823 0.529789 0.759654 -1.03372 0.693878 -1.03372
824 0.544746 0.944311 -0.0132684 0.604224 -0.0132684
825 0.624795 0.306495 0.154737 0.16461 0.154737
826 0.674643 0.540036 0.566267 -0.0186055 0.566267
827 0.773291 0.336682 -1.03461 -0.905671 -1.03461
828 0.329134 0.995055 -1.19932 -0.130344 -1.19932
829 0.221213 0.581656 -1.58984 0.39714 -1.58984
830 0.258735 0.788716 0.0666586 0.508574 0.0666586
831 0.798815 0.680207 0.318437 -0.385433 0.318437
832 0.68939 0.549996 -0.73111 -0.0973759 -0.73111
833 0.228917 0.000692128 -0.101877 -0.388687 -0.101877
834 0.0022088 0.116373 -0.406487 -0.594847 -0.406487
835 0.777917 0.333386 -0.92899 -0.930725 -0.92899
836 0.0155192 0.192654 0.0393789 -0.738311 0.0393789
837 0.833582 0.142464 -0.500745 -0.860913 -0.500745
838 0.694183 0.818579 -1.29099 -0.111545 -1.29099
839 0.218633 0.00666804 -0.276093 -0.384322 -0.276093
840 0.049898 0.830951 0.871047 -1.46467 0.871047
841 0.803451 0.661437 -0.280847 -0.41271 -0.280847
842 0.0206332 0.811562 0.110391 -1.76413 0.110391
843 0.80067 0.685835 0.633025 -0.378646 0.633025
844 0.84603 0.450855 0.17488 -0.899725 0.17488
845 0.267753 0.820425 0.187308 0.367165 0.187308
846 0.00608971 0.122542 -0.369906 -0.603942 -0.369906
847 0.68977 0.524084 -0.331587 -0.105254 -0.331587
848 0.0938023 0.372543 -1.40382 -0.574554 -1.40382
849 0.246111 0.797151 -0.0700589 0.414606 -0.0700589
850 0.321102 0.423769 -0.240091 0.559784 -0.240091
851 0.683687 0.534959 0.304019 -0.0692907 0.304019
852 0.264656 0.791059 1.04144 0.505077 1.04144
853 0.451864 0.561739 -0.684439 0.872961 -0.684439
854 0.0187946 0.118272 -0.179134 -0.57981 -0.179134
855 0.66962 0.0766811 -0.661213 0.393211 -0.661213
856 0.231486 0.0383842 -0.350332 -0.371081 -0.350332
857 0.648769 0.33678 0.0468649 -0.0118747 0.0468649
858 0.546085 0.739449 1.01443 0.621648 1.01443
859 0.162597 0.968789 -0.67258 -0.807644 -0.67258
860 0.691728 0.532958 -0.535136 -0.114073 -0.535136
861 0.783908 0.937236 -0.178201 -0.465412 -0.178201
862 0.683558 0.534578 -1.01107 -0.0686555 -1.01107
863 0.832497 0.445981 1.27745 -0.863841 1.27745
864 0.936941 0.225122 -0.961371 -1.64523 -0.961371
865 0.926872 0.226313 0.265545 -1.61013 0.265545
866 0.9958 0.686629 0.643036 -0.423923 0.643036
867 0.112933 0.662208 -0.298276 -0.685031 -0.298276
868 0.782274 0.988852 1.07535 -0.508401 1.07535
869 0.320173 0.984955 -0.542606 -0.143378 -0.542606
870 0.930538 0.866596 0.266748 -0.359662 0.266748
871 0.791977 0.941962 -0.436353 -0.469577 -0.436353
872 0.564534 0.944868 -0.0228635 0.500557 -0.0228635
873 0.21736 0.585556 0.317 0.363442 0.317
874 0.48206 0.700373 0.0140937 0.846439 0.0140937
875 0.428996 0.556457 0.404087 0.847535 0.404087
876 0.945639 0.284459 1.093 -1.69514 1.093
877 0.433862 0.557252 0.40769 0.853108 0.40769
878 0.00487807 0.124453 -0.57502 -0.609628 -0.57502
879 0.62986 0.313981 0.223577 0.126202 0.223577
880 0.778863 0.928744 0.347911 -0.458455 0.347911
881 0.320576 0.994493 -0.672976 -0.176821 -0.672976
882 0.639891 0.30151 0.109464 0.0345495 0.109464
883 0.944852 0.22309 -0.132362 -1.66811 -0.132362
884 0.880249 0.000126473 -0.0137226 -0.425769 -0.0137226
885 0.330202 0.986159 1.0854 -0.092828 1.0854
886 0.039971 0.806892 0.608357 -1.59139 0.608357
887 0.527919 0.493861 0.575397 0.808684 0.575397
888 0.570792 0.945727 0.195937 0.467635 0.195937
889 0.56795 0.00473601 -0.331198 1.36434 -0.331198
890 0.057281 0.420962 -1.23193 -0.757203 -1.23193
891 0.00170229 0.12379 -0.671297 -0.612066 -0.671297
892 0.812552 0.619585 -0.126848 -0.482509 -0.126848
893 0.228562 0.587639 -0.170558 0.459642 -0.170558
894 0.572752 0.936756 0.0866527 0.459015 0.0866527
895 0.785816 0.937026 -0.326863 -0.465239 -0.326863
896 0.0567287 0.425038 -1.21255 -0.760742 -1.21255
897 0.686007 0.793102 0.133489 -0.0587951 0.133489
898 0.600351 0.00519597 -0.181066 1.14166 -0.181066
899 0.849204 0.160849 -0.434069 -1.00753 -0.434069
900 0.544267 0.924534 0.678124 0.608764 0.678124
901 0.0633374 0.430425 -1.02646 -0.722082 -1.02646
902 0.0595248 0.420626 -0.880321 -0.744278 -0.880321
903 0.189023 0.574962 0.443598 0.127267 0.443598
904 0.980577 0.661452 0.134873 -0.530776 0.134873
905 0.26267 0.251001 0.930696 -0.139139 0.930696
906 0.928351 0.238487 -0.58298 -1.6688 -0.58298
907 0.680342 0.812377 -1.39411 -0.0410052 -1.39411
908 0.569384 0.943816 0.473732 0.475342 0.473732
909 0.834825 0.148027 -1.00722 -0.891005 -1.00722
910 0.628083 0.296064 0.299735 0.131604 0.299735
911 0.221476 0.580598 0.385527 0.399538 0.385527
912 0.9664 0.589497 -1.03438 -0.819635 -1.03438
913 0.506672 0.318699 -0.589852 1.14083 -0.589852
914 0.8796 0.00882508 0.887355 -0.461329 0.887355
915 0.423326 0.175982 0.624434 0.921448 0.624434
916 0.786938 0.92865 -0.417389 -0.458088 -0.417389
917 0.967436 0.589792 -0.926186 -0.820371 -0.926186
918 0.258301 0.802382 0.639189 0.439076 0.639189
919 0.569952 0.9495 -0.0482842 0.471372 -0.0482842
920 0.56964 0.942741 0.147729 0.47419 0.147729
921 0.783549 0.935259 -0.224059 -0.463753 -0.224059
922 0.366427 0.00886483 -0.0283095 0.639954 -0.0283095
923 0.584124 0.00956666 -0.674835 1.23929 -0.674835
924 0.784436 0.927951 -0.597054 -0.457588 -0.597054
925 0.384627 0.0369905 1.17465 0.776167 1.17465
926 0.785988 0.935721 -0.31997 -0.46413 -0.31997
927 0.0181317 0.100362 -0.684985 -0.54389 -0.684985
928 0.781608 0.93955 -0.381865 -0.467326 -0.381865
929 0.626127 0.31068 -0.4333 0.15549 -0.4333
930 0.991622 0.0688623 0.598271 -1.20271 0.598271
931 0.781883 0.93148 -0.840647 -0.460622 -0.840647
932 0.960297 0.886583 -0.667704 -0.382969 -0.667704
933 0.784168 0.932684 -0.0684751 -0.461582 -0.0684751
934 0.686324 0.526794 -0.196859 -0.0855455 -0.196859
935 0.437222 0.542014 -0.708527 0.861617 -0.708527
936 0.560451 0.949792 0.825926 0.521204 0.825926
937 0.78725 0.338026 -1.0335 -0.955191 -1.0335
938 0.324529 0.997433 0.845476 -0.165171 0.845476
939 0.696134 0.0777305 -1.27639 0.189511 -1.27639
940 0.62904 0.295242 0.80166 0.122995 0.80166
941 0.37805 0.0352845 -0.197163 0.721619 -0.197163
942 0.515363 0.0336651 0.803 1.65497 0.803
943 0.983782 0.0625779 1.44494 -1.1427 1.44494
944 0.0783545 0.651276 0.428505 -0.998828 0.428505
945 0.990087 0.061848 0.618155 -1.16649 0.618155
946 0.39543 0.184917 0.0777493 0.72073 0.0777493
947 0.691166 0.550035 0.461671 -0.107049 0.461671
948 0.243678 0.795042 -0.767148 0.401302 -0.767148
949 0.981345 0.0760058 -0.275111 -1.18935 -0.275111
950 0.546787 0.941379 -0.566239 0.593864 -0.566239
951 0.392221 0.168344 -0.127622 0.714873 -0.127622
952 0.260508 0.259006 0.736014 -0.126956 0.736014
953 0.819064 0.156908 -1.07872 -0.86607 -1.07872
954 0.787141 0.16896 0.591395 -0.789871 0.591395
955 0.877104 0.00123726 0.327286 -0.416948 0.327286
956 0.574477 0.948852 0.171552 0.447744 0.171552
957 0.973563 0.659757 -0.646335 -0.533333 -0.646335
958 0.783891 0.167541 0.33728 -0.770097 0.33728
959 0.621545 0.306973 -1.14594 0.192076 -1.14594
960 0.378677 0.022336 -0.0242771 0.737324 -0.0242771
961 0.959987 0.590878 0.765625 -0.80192 0.765625
962 0.634018 0.313125 0.622628 0.0912404 0.622628
963 0.58684 0.00733637 -0.845773 1.22743 -0.845773
964 0.45389 0.552614 -0.169215 0.878555 -0.169215
965 0.557624 0.942706 0.682348 0.537043 0.682348
966 0.164355 0.985336 0.87764 -0.840102 0.87764
967 0.572752 0.945108 0.12596 0.45748 0.12596
968 0.0603044 0.426439 -0.788605 -0.739943 -0.788605
969 0.319003 0.992894 -0.00177407 -0.179707 -0.00177407
970 0.0186852 0.109965 -1.06924 -0.562974 -1.06924
971 0.28079 0.268744 1.48199 0.0185257 1.48199
972 0.480402 0.721542 -1.04077 0.83592 -1.04077
973 0.30874 0.994194 -0.0949517 -0.242686 -0.0949517
974 0.691158 0.801013 -0.799783 -0.0876573 -0.799783
975 0.506299 0.300576 0.939658 1.16576 0.939658
976 0.633326 0.311344 0.0796631 0.0959223 0.0796631
977 0.505778 0.314877 -1.03894 1.15281 -1.03894
978 0.44852 0.566409 0.218921 0.867475 0.218921
979 0.0119605 0.114375 -0.829108 -0.579489 -0.829108
980 0.558256 0.733636 -0.648315 0.565807 -0.648315
981 0.958471 0.256863 1.11984 -1.81942 1.11984
982 0.370848 0.0306025 1.34573 0.663583 1.34573
983 0.301272 0.422271 -0.00864589 0.500814 -0.00864589
984 0.766211 0.680351 -0.579409 -0.374017 -0.579409
985 0.974817 0.0623184 0.136337 -1.10337 0.136337
986 0.821607 0.649786 -1.02866 -0.444358 -1.02866
987 0.327336 0.990817 -0.488395 -0.125313 -0.488395
988 0.688505 0.529643 -0.196795 -0.0970082 -0.196795
989 0.687134 0.798031 0.174932 -0.0667192 0.174932
990 0.995272 0.0897091 0.429431 -1.30632 0.429431
991 0.782221 0.940852 -1.02928 -0.468419 -1.02928
992 0.785855 0.937457 -0.940464 -0.465605 -0.940464
993 0.56937 0.943838 0.462164 0.475415 0.462164
994 0.551915 0.726861 0.712928 0.597976 0.712928
995 0.526291 0.0548248 0.409778 1.52506 0.409778
996 0.813886 0.488761 0.650808 -0.695975 0.650808
997 0.495925 0.311915 0.297217 1.1846 0.297217
998 0.0577825 0.105951 -1.00722 -0.515031 -1.00722
999 0.562057 0.0163624 0.117603 1.37186 0.117603

