id x y phenotype1 envi phenotype2 
0 0.668062 0.816226 0.645378 0.201779 0.645378
1 0.522767 0.141815 -0.651594 0.522468 -0.651594
2 0.917444 0.19737 0.0210069 -0.639032 0.0210069
3 0.449493 0.708544 0.438935 1.05263 0.438935
4 0.00916092 0.414662 -0.370829 -0.279599 -0.370829
5 0.619409 0.263071 0.0264087 0.15282 0.0264087
6 0.313301 0.380505 1.04804 0.228681 1.04804
7 0.979819 0.332699 -0.228555 -0.588648 -0.228555
8 0.824621 0.190177 -0.00210259 -0.390179 -0.00210259
9 0.723577 0.835285 0.121677 -0.0665915 0.121677
10 0.212808 0.725453 -0.432938 -0.239822 -0.432938
11 0.817496 0.164197 -0.804169 -0.31084 -0.804169
12 0.0246363 0.243393 -1.1066 -0.357067 -1.1066
13 0.674471 0.934875 0.83826 0.638613 0.83826
14 0.991156 0.973513 0.552972 -0.297098 0.552972
15 0.614033 0.254425 0.15791 0.137612 0.15791
16 0.161168 0.89099 -0.831615 -0.749773 -0.831615
17 0.998458 0.33942 -1.13895 -0.60003 -1.13895
18 0.820205 0.741532 -0.553059 -0.730663 -0.553059
19 0.830963 0.172472 -0.415254 -0.370492 -0.415254
20 0.748877 0.00707745 0.168552 0.476745 0.168552
21 0.358978 0.179649 -0.583727 0.165409 -0.583727
22 0.344713 0.192176 -1.23067 0.0978805 -1.23067
23 0.365103 0.530545 -0.338851 0.970156 -0.338851
24 0.826228 0.751701 -0.932216 -0.754942 -0.932216
25 0.686061 0.438622 0.357628 0.377456 0.357628
26 0.984649 0.135079 -0.783721 -0.867212 -0.783721
27 0.730406 0.82335 0.553543 -0.164093 0.553543
28 0.880416 0.34048 -0.831012 -0.442766 -0.831012
29 0.0102523 0.198238 0.104863 -0.546188 0.104863
30 0.680082 0.938115 0.523185 0.623088 0.523185
31 0.0309096 0.239925 -0.667085 -0.369442 -0.667085
32 0.992201 0.98585 0.439418 -0.260401 0.439418
33 0.193304 0.355448 -0.187637 -0.237762 -0.187637
34 0.42616 0.737785 -0.173039 0.839899 -0.173039
35 0.809311 0.70288 0.0948284 -0.613393 0.0948284
36 0.220097 0.754321 0.537674 -0.218672 0.537674
37 0.104587 0.988423 0.281196 -0.885021 0.281196
38 0.732589 0.830632 0.42917 -0.144038 0.42917
39 0.643165 0.302554 -0.0866494 0.201836 -0.0866494
40 0.0614646 0.0217635 -0.671872 -0.93103 -0.671872
41 0.15837 0.904384 -0.448505 -0.769322 -0.448505
42 0.345843 0.550471 -0.320034 0.775153 -0.320034
43 0.61658 0.669125 -0.310102 0.588965 -0.310102
44 0.993839 0.340625 -0.707106 -0.591561 -0.707106
45 0.993374 0.984596 -0.543396 -0.268116 -0.543396
46 0.042717 0.0303564 -0.368209 -1.0337 -0.368209
47 0.232855 0.0799141 -0.634795 0.0952179 -0.634795
48 0.0300514 0.485547 0.64622 -0.237592 0.64622
49 0.568584 0.88689 0.556636 1.04266 0.556636
50 0.442923 0.708984 -0.224453 1.01677 -0.224453
51 0.816754 0.725462 -0.812126 -0.683319 -0.812126
52 0.992889 0.97175 -0.615555 -0.308071 -0.615555
53 0.385519 0.0483615 0.523936 0.45085 0.523936
54 0.990862 0.143157 1.10912 -0.881724 1.10912
55 0.880662 0.315322 -0.476208 -0.487791 -0.476208
56 0.183841 0.531371 -1.10467 -0.118418 -1.10467
57 0.32144 0.961246 1.06669 -0.00822028 1.06669
58 0.605398 0.262437 -0.525201 0.208244 -0.525201
59 0.416646 0.175655 -0.144886 0.336194 -0.144886
60 0.932438 0.202498 0.37448 -0.677054 0.37448
61 0.37038 0.963182 0.342548 0.428743 0.342548
62 0.993674 0.998806 -0.0523153 -0.223253 -0.0523153
63 0.455407 0.718975 1.03254 1.04579 1.03254
64 0.206514 0.255344 -0.365298 -0.365288 -0.365298
65 0.988014 0.509689 0.358944 -0.298561 0.358944
66 0.983366 0.663646 -0.795932 -0.751949 -0.795932
67 0.606317 0.25608 0.426968 0.175793 0.426968
68 0.0125051 0.555976 -0.699471 -0.581362 -0.699471
69 0.209532 0.737061 -0.408364 -0.273218 -0.408364
70 0.370491 0.0470916 0.210454 0.43501 0.210454
71 0.6422 0.675825 0.563533 0.368629 0.563533
72 0.738902 0.0146947 0.567254 0.454835 0.567254
73 0.673 0.451081 0.38872 0.518115 0.38872
74 0.373097 0.044972 -0.0454716 0.441817 -0.0454716
75 0.196987 0.228709 -0.0735461 -0.334908 -0.0735461
76 0.988897 0.135414 -0.294671 -0.882727 -0.294671
77 0.418986 0.0505904 0.0424113 0.488571 0.0424113
78 0.853817 0.98998 -0.871733 0.189968 -0.871733
79 0.166868 0.0464449 -0.519761 -0.218027 -0.519761
80 0.450143 0.716425 0.36203 1.02823 0.36203
81 0.164157 0.888875 0.453767 -0.73716 0.453767
82 0.998382 0.120285 -0.805808 -0.936581 -0.805808
83 0.342075 0.22185 -0.2914 0.0261832 -0.2914
84 0.376868 0.548769 0.79993 1.02833 0.79993
85 0.818727 0.156172 0.0922536 -0.296257 0.0922536
86 0.874063 0.0184798 0.0615576 -0.312475 0.0615576
87 0.0574964 0.0575515 -1.01815 -0.861482 -1.01815
88 0.490496 0.145143 0.596781 0.552767 0.596781
89 0.343378 0.191704 0.728115 0.0948308 0.728115
90 0.281782 0.589378 0.614689 0.239321 0.614689
91 0.871051 0.785995 0.447802 -0.687448 0.447802
92 0.638082 0.936288 0.315534 0.830328 0.315534
93 0.426843 0.736916 0.434171 0.845826 0.434171
94 0.643779 0.934152 0.12098 0.793308 0.12098
95 0.741195 0.0124967 0.940329 0.461258 0.940329
96 0.0667857 0.769469 0.155013 -1.2978 0.155013
97 0.163847 0.897069 -0.715196 -0.745252 -0.715196
98 0.381878 0.540463 0.905081 1.08798 0.905081
99 0.0328905 0.483306 0.15834 -0.235716 0.15834
100 0.868868 0.321698 -0.263903 -0.460559 -0.263903
101 0.178247 0.541581 0.657854 -0.146821 0.657854
102 0.47438 0.720193 -0.503655 1.1367 -0.503655
103 0.987202 0.629884 -0.554962 -0.656474 -0.554962
104 0.0171758 0.559924 -0.238184 -0.59271 -0.238184
105 0.753867 0.00940622 0.240156 0.443738 0.240156
106 0.395258 0.287914 0.101877 0.338646 0.101877
107 0.65323 0.670975 -0.191486 0.299505 -0.191486
108 0.979074 0.657731 -1.05551 -0.72847 -1.05551
109 0.332023 0.972271 -0.444289 0.0712488 -0.444289
110 0.189562 0.0645216 -0.725257 -0.104048 -0.725257
111 0.306485 0.362548 -0.449659 0.135993 -0.449659
112 0.98183 0.33793 -0.225247 -0.581064 -0.225247
113 0.00937364 0.0723998 0.424686 -1.07844 0.424686
114 0.544236 0.00924129 1.45258 0.571724 1.45258
115 0.0334609 0.469176 -0.384938 -0.241159 -0.384938
116 0.193729 0.357128 -0.57055 -0.235523 -0.57055
117 0.0432295 0.0557785 -0.667088 -0.949981 -0.667088
118 0.000435515 0.0500521 0.0666368 -1.22678 0.0666368
119 0.653044 0.528902 0.788014 0.758686 0.788014
120 0.219427 0.74016 -0.367965 -0.206265 -0.367965
121 0.0619833 0.743432 -0.627676 -1.33543 -0.627676
122 0.875052 0.854284 -0.644597 -0.420972 -0.644597
123 0.685202 0.936864 0.778633 0.591834 0.778633
124 0.679843 0.937666 -0.06463 0.62247 -0.06463
125 0.881483 0.00158478 -0.76421 -0.339063 -0.76421
126 0.886863 0.00405532 -0.620328 -0.375632 -0.620328
127 0.00654061 0.412097 -0.545497 -0.28198 -0.545497
128 0.342538 0.170685 0.441483 0.137268 0.441483
129 0.978707 0.329856 -0.56526 -0.592729 -0.56526
130 0.979596 0.638659 0.244757 -0.672574 0.244757
131 0.805422 0.448172 -0.716579 -0.167567 -0.716579
132 0.18107 0.54669 -0.00482135 -0.149533 -0.00482135
133 0.0138644 0.0601383 -0.0295896 -1.10446 -0.0295896
134 0.505819 0.151108 0.22065 0.560613 0.22065
135 0.428439 0.300904 -0.364387 0.557737 -0.364387
136 0.611124 0.253471 0.12631 0.14499 0.12631
137 0.815396 0.730161 -0.154266 -0.693524 -0.154266
138 0.983379 0.131525 -0.903761 -0.865771 -0.903761
139 0.0272302 0.475553 -1.04029 -0.244322 -1.04029
140 0.812325 0.203178 -0.74601 -0.389127 -0.74601
141 0.0249381 0.536487 0.484359 -0.441522 0.484359
142 0.818054 0.491677 1.00558 -0.109344 1.00558
143 0.29982 0.350457 -0.12784 0.0642821 -0.12784
144 0.38878 0.0512825 0.893728 0.450249 0.893728
145 0.0335661 0.963863 -1.44705 -1.02289 -1.44705
146 0.830539 0.508527 0.800475 -0.130831 0.800475
147 0.160073 0.882304 -0.875209 -0.747216 -0.875209
148 0.216611 0.0794238 -0.348453 0.0133279 -0.348453
149 0.862076 0.545383 -0.197586 -0.263678 -0.197586
150 0.882605 0.794266 0.81395 -0.675599 0.81395
151 0.570636 0.965496 0.273429 1.2603 0.273429
152 0.826723 0.165938 -0.205517 -0.343754 -0.205517
153 0.538907 0.0128891 0.393877 0.571921 0.393877
154 0.029266 0.526255 -1.45538 -0.37675 -1.45538
155 0.697211 0.149866 0.458375 0.0859286 0.458375
156 0.331328 0.971061 -0.0291649 0.0665585 -0.0291649
157 0.0864707 0.751233 -0.244482 -1.1854 -0.244482
158 0.308861 0.363861 -0.741632 0.154096 -0.741632
159 0.981079 0.126293 0.00667787 -0.861644 0.00667787
160 0.995544 0.507883 0.105306 -0.30101 0.105306
161 0.163511 0.526256 0.0803925 -0.145168 0.0803925
162 0.493149 0.168993 0.0979357 0.553993 0.0979357
163 0.0857185 0.755588 -0.503956 -1.18563 -0.503956
164 0.90138 0.779416 -0.0201256 -0.767502 -0.0201256
165 0.601366 0.269624 0.956789 0.258084 0.956789
166 0.219358 0.26322 -0.0550497 -0.356866 -0.0550497
167 0.979916 0.995039 -0.401274 -0.191485 -0.401274
168 0.0271446 0.96529 0.375537 -1.02986 0.375537
169 0.607543 0.252854 0.492936 0.156414 0.492936
170 0.153121 0.90011 -1.18245 -0.784011 -1.18245
171 0.811005 0.166246 -1.14885 -0.295339 -1.14885
172 0.329556 0.961117 -0.409342 0.0646129 -0.409342
173 0.372532 0.933681 0.338174 0.463725 0.338174
174 0.853147 0.549158 -0.428154 -0.263811 -0.428154
175 0.856067 0.949946 -0.516967 0.0173751 -0.516967
176 0.873415 0.308069 -1.06783 -0.490727 -1.06783
177 0.537404 0.0119419 0.345232 0.573378 0.345232
178 0.0517778 0.0356042 0.7639 -0.958163 0.7639
179 0.00163916 0.417861 -0.129956 -0.283493 -0.129956
180 0.83463 0.530002 0.266979 -0.192052 0.266979
181 0.490765 0.136536 0.746188 0.555576 0.746188
182 0.184894 0.533726 -0.597947 -0.120236 -0.597947
183 0.743658 0.0157361 0.682749 0.448371 0.682749
184 0.0336147 0.477593 -1.01653 -0.237437 -1.01653
185 0.677577 0.930714 0.984177 0.605795 0.984177
186 0.832506 0.555271 -1.18865 -0.256634 -1.18865
187 0.178313 0.524921 0.428996 -0.11728 0.428996
188 0.188028 0.943774 0.103972 -0.731118 0.103972
189 0.00638113 0.416267 -0.0370397 -0.280889 -0.0370397
190 0.870221 0.84281 -0.245396 -0.456412 -0.245396
191 0.744854 0.0116352 0.696586 0.462335 0.696586
192 0.0271223 0.248738 0.292623 -0.337515 0.292623
193 0.39465 0.296927 0.415542 0.376665 0.415542
194 0.835873 0.53005 1.26539 -0.193534 1.26539
195 0.819552 0.211439 0.176844 -0.425336 0.176844
196 0.0782663 0.755238 -0.461381 -1.23959 -0.461381
197 0.180411 0.523816 -0.756623 -0.111839 -0.756623
198 0.988574 0.639229 -0.459475 -0.686189 -0.459475
199 0.815153 0.187937 -1.35262 -0.35975 -1.35262
200 0.550968 0.0214122 -0.0309139 0.557998 -0.0309139
201 0.656081 0.558993 -0.513876 0.635636 -0.513876
202 0.324335 0.998363 -0.289405 -0.0397105 -0.289405
203 0.680433 0.452425 1.09916 0.462338 1.09916
204 0.644698 0.682471 0.322231 0.3276 0.322231
205 0.326297 0.987554 -0.0272289 -0.00433776 -0.0272289
206 0.00679204 0.397341 -0.865248 -0.286067 -0.865248
207 0.0535227 0.022279 -1.09576 -0.98462 -1.09576
208 0.0139864 0.239154 -0.295703 -0.374208 -0.295703
209 0.615026 0.669529 0.111385 0.599567 0.111385
210 0.321581 0.367615 0.738592 0.243344 0.738592
211 0.35742 0.556688 0.576561 0.85652 0.576561
212 0.49904 0.166534 -0.149851 0.570508 -0.149851
213 0.979607 0.137228 0.181483 -0.846551 0.181483
214 0.677011 0.813456 0.340557 0.133302 0.340557
215 0.165385 0.878585 0.954776 -0.723506 0.954776
216 0.0146433 0.25138 0.515769 -0.329697 0.515769
217 0.46823 0.70812 -0.479787 1.15227 -0.479787
218 0.991246 0.151403 0.20314 -0.874165 0.20314
219 0.714562 0.136954 0.546584 0.08357 0.546584
220 0.72184 0.838192 -0.253245 -0.0426491 -0.253245
221 0.0468789 0.538597 0.366354 -0.408718 0.366354
222 0.232869 0.071859 0.27424 0.117711 0.27424
223 0.399398 0.741096 1.3266 0.705124 1.3266
224 0.833216 0.561572 -0.953618 -0.274139 -0.953618
225 0.446796 0.725012 0.720273 0.981415 0.720273
226 0.12591 0.010844 -0.708351 -0.490501 -0.708351
227 0.402433 0.0634432 -0.0799415 0.450466 -0.0799415
228 0.510686 0.0160294 0.0185832 0.586664 0.0185832
229 0.398375 0.290872 -0.267586 0.366466 -0.267586
230 0.814651 0.493583 0.827921 -0.102649 0.827921
231 0.671722 0.815222 -0.219178 0.174352 -0.219178
232 0.640067 0.269604 0.0117935 0.0917529 0.0117935
233 0.0183762 0.251383 1.01283 -0.33049 1.01283
234 0.204504 0.749113 -0.647275 -0.321779 -0.647275
235 0.975803 0.645877 -0.535701 -0.688906 -0.535701
236 0.198904 0.533224 -0.222531 -0.092822 -0.222531
237 0.0477395 0.239044 -1.08331 -0.370485 -1.08331
238 0.567373 0.957968 -0.275978 1.25427 -0.275978
239 0.991121 0.495125 0.659714 -0.282447 0.659714
240 0.350865 0.187987 -0.790961 0.125093 -0.790961
241 0.637414 0.679635 0.723717 0.392666 0.723717
242 0.0119377 0.405098 -0.00838561 -0.280856 -0.00838561
243 0.87479 0.846329 0.0778733 -0.452278 0.0778733
244 0.731366 0.0029351 0.292604 0.499048 0.292604
245 0.226135 0.717621 -0.0943666 -0.145989 -0.0943666
246 0.0130435 0.406655 -0.582523 -0.279718 -0.582523
247 0.454672 0.709148 0.075311 1.07754 0.075311
248 0.040832 0.961553 -0.265427 -1.01608 -0.265427
249 0.825254 0.560719 -0.247219 -0.262667 -0.247219
250 0.983544 0.622134 -0.933275 -0.62862 -0.933275
251 0.348687 0.162787 0.629525 0.17055 0.629525
252 0.0627321 0.981232 -0.534728 -0.941982 -0.534728
253 0.214394 0.735649 0.191708 -0.237982 0.191708
254 0.821198 0.723138 0.10239 -0.683962 0.10239
255 0.351678 0.183195 -0.488294 0.137218 -0.488294
256 0.177934 0.533955 0.0887897 -0.13395 0.0887897
257 0.127266 0.0256521 1.38248 -0.47285 1.38248
258 0.638327 0.680298 0.179961 0.38347 0.179961
259 0.857348 0.946805 -0.0323482 0.00071188 -0.0323482
260 0.686002 0.13543 0.0381471 0.153445 0.0381471
261 0.336689 0.534562 0.398448 0.725618 0.398448
262 0.674537 0.461587 0.592587 0.53829 0.592587
263 0.538389 0.00236354 0.392169 0.579289 0.392169
264 0.369443 0.527782 -0.253977 1.01237 -0.253977
265 0.269906 0.0157698 0.0750587 0.411501 0.0750587
266 0.0207278 0.241697 -0.631564 -0.363571 -0.631564
267 0.875532 0.0416238 -0.147381 -0.348808 -0.147381
268 0.27375 0.569005 0.5338 0.188323 0.5338
269 0.865666 0.0472586 0.0809951 -0.301663 0.0809951
270 0.621075 0.276416 -0.350879 0.201946 -0.350879
271 0.321289 0.612769 -0.274262 0.500632 -0.274262
272 0.857285 0.548332 0.0527893 -0.266262 0.0527893
273 0.827747 0.551397 -0.674317 -0.24097 -0.674317
274 0.0835029 0.740983 0.385575 -1.1713 0.385575
275 0.0217474 0.0573084 0.219253 -1.07013 0.219253
276 0.34777 0.54121 0.200487 0.806461 0.200487
277 0.495619 0.153458 0.270172 0.563695 0.270172
278 0.968075 0.322484 -0.492601 -0.592819 -0.492601
279 0.744695 0.0116923 0.149704 0.462216 0.149704
280 0.190306 0.535009 -0.483879 -0.111768 -0.483879
281 0.034891 0.248013 -1.12581 -0.341395 -1.12581
282 0.881133 0.78772 0.231891 -0.698832 0.231891
283 0.608784 0.671848 -0.685883 0.639555 -0.685883
284 0.202627 0.0302952 -0.183771 0.0318424 -0.183771
285 0.39751 0.293171 0.186855 0.37301 0.186855
286 0.516787 0.14382 -0.241624 0.53589 -0.241624
287 0.876879 0.778032 0.0681112 -0.729804 0.0681112
288 0.460198 0.707467 -0.615528 1.11261 -0.615528
289 0.653711 0.529114 0.498625 0.752116 0.498625
290 0.573058 0.904996 0.36108 1.07069 0.36108
291 0.657646 0.56497 -0.566456 0.603153 -0.566456
292 0.383177 0.93377 1.06217 0.552794 1.06217
293 0.661057 0.939668 0.95751 0.726002 0.95751
294 0.52129 0.14136 0.575825 0.526162 0.575825
295 0.261617 0.568771 0.0636083 0.0948323 0.0636083
296 0.837391 0.521703 -0.419276 -0.173001 -0.419276
297 0.882799 0.0104049 -0.561496 -0.35664 -0.561496
298 0.72635 0.0109958 0.645942 0.474379 0.645942
299 0.194552 0.9465 -0.567045 -0.721125 -0.567045
300 0.384983 0.937033 1.2688 0.567041 1.2688
301 0.533339 0.00486293 0.530749 0.579834 0.530749
302 0.211702 0.903205 0.349915 -0.592959 0.349915
303 0.629296 0.285025 0.342348 0.200182 0.342348
304 0.877417 0.0240042 -0.157682 -0.33903 -0.157682
305 0.361157 0.182906 -0.169721 0.165486 -0.169721
306 0.852941 0.941677 -0.0843774 -0.00793565 -0.0843774
307 0.407457 0.295431 -0.0804331 0.430256 -0.0804331
308 0.376002 0.0558824 0.767906 0.426496 0.767906
309 0.44656 0.723338 0.479919 0.986046 0.479919
310 0.232012 0.0759728 -1.00361 0.101773 -1.00361
311 0.991044 0.122075 -1.15793 -0.905121 -1.15793
312 0.332269 0.969365 0.195986 0.077517 0.195986
313 0.971081 0.332224 -0.00741202 -0.577963 -0.00741202
314 0.605656 0.266471 0.801014 0.225402 0.801014
315 0.727436 0.0114657 -0.591995 0.47224 -0.591995
316 0.0685093 0.0197911 -0.202157 -0.886864 -0.202157
317 0.87964 0.780038 0.523364 -0.726672 0.523364
318 0.786682 0.603103 -0.255885 -0.326016 -0.255885
319 0.114571 0.00292071 -0.190837 -0.580302 -0.190837
320 0.824315 0.729158 -0.482771 -0.704501 -0.482771
321 0.159203 0.892349 -0.193962 -0.75786 -0.193962
322 0.991851 0.659181 -1.14755 -0.750298 -1.14755
323 0.0802002 0.744186 0.111291 -1.20824 0.111291
324 0.0840402 0.743354 -0.0458298 -1.17726 -0.0458298
325 0.445242 0.723003 0.574504 0.980652 0.574504
326 0.988291 0.994615 0.321017 -0.219596 0.321017
327 0.323723 0.996207 0.109524 -0.0422992 0.109524
328 0.430555 0.175016 -0.0942225 0.376176 -0.0942225
329 0.215964 0.744344 -0.842749 -0.234208 -0.842749
330 0.00976539 0.198684 0.215738 -0.544993 0.215738
331 0.756659 0.118554 0.124474 0.0422202 0.124474
332 0.0354544 0.554244 -0.341488 -0.515469 -0.341488
333 0.831286 0.521321 -0.247162 -0.165449 -0.247162
334 0.226161 0.0805536 -0.279901 0.0593638 -0.279901
335 0.538994 0.0164241 0.0707125 0.569465 0.0707125
336 0.0367233 0.995222 -0.968732 -0.939306 -0.968732
337 0.450219 0.711955 0.151743 1.04439 0.151743
338 0.357951 0.53906 0.660357 0.894043 0.660357
339 0.760059 0.0287954 1.13578 0.338392 1.13578
340 0.216781 0.896664 0.662109 -0.561583 0.662109
341 0.0205361 0.484133 0.843389 -0.247557 0.843389
342 0.982282 0.663472 -0.879662 -0.749934 -0.879662
343 0.871932 0.0249039 -0.211428 -0.307723 -0.211428
344 0.994104 0.5107 0.127255 -0.307963 0.127255
345 0.495941 0.151041 0.309646 0.56496 0.309646
346 0.91024 0.00638036 0.986443 -0.524188 0.986443
347 0.612378 0.253113 -0.13319 0.138452 -0.13319
348 0.625226 0.313817 -0.0133431 0.33744 -0.0133431
349 0.0707399 0.980605 -0.915662 -0.933064 -0.915662
350 0.877075 0.0251235 0.284155 -0.338302 0.284155
351 0.440222 0.716687 0.375002 0.976843 0.375002
352 0.975989 0.490169 0.695245 -0.276476 0.695245
353 0.18896 0.37467 0.09308 -0.215599 0.09308
354 0.990839 0.50518 -0.517389 -0.288019 -0.517389
355 0.0645687 0.742776 -0.162903 -1.31391 -0.162903
356 0.150596 0.362825 0.226191 -0.243994 0.226191
357 0.62302 0.27452 -0.744718 0.185427 -0.744718
358 0.990672 0.329573 0.59686 -0.609247 0.59686
359 0.637167 0.687147 0.66923 0.369423 0.66923
360 0.0897138 0.983167 0.169798 -0.906422 0.169798
361 0.226215 0.913172 -0.0596451 -0.570004 -0.0596451
362 0.0335144 0.4928 0.264278 -0.231066 0.264278
363 0.830014 0.178884 0.106564 -0.380986 0.106564
364 0.868561 0.00715415 -0.524857 -0.264343 -0.524857
365 0.519999 0.0108933 0.581968 0.58322 0.581968
366 0.171971 0.548767 0.578859 -0.173876 0.578859
367 0.860057 0.326269 -0.543913 -0.440726 -0.543913
368 0.0118689 0.968179 0.0183307 -1.0461 0.0183307
369 0.826691 0.551012 -0.153497 -0.238755 -0.153497
370 0.514294 0.0046686 0.525511 0.588297 0.525511
371 0.995241 0.491285 0.0879097 -0.294328 0.0879097
372 0.602068 0.687311 0.319688 0.635411 0.319688
373 0.539932 0.00507075 0.780851 0.576783 0.780851
374 0.682986 0.437133 1.18608 0.39704 1.18608
375 0.838685 0.557194 -0.849439 -0.268826 -0.849439
376 0.171243 0.529005 -0.113674 -0.137168 -0.113674
377 0.322892 0.967529 -0.0728209 -0.00512526 -0.0728209
378 0.022773 0.237422 -1.18866 -0.379733 -1.18866
379 0.385946 0.542386 0.972248 1.11682 0.972248
380 0.00983114 0.403922 -0.0328182 -0.282433 -0.0328182
381 0.679322 0.148613 -0.721201 0.133649 -0.721201
382 0.695493 0.145088 -0.911882 0.10397 -0.911882
383 0.299231 0.320873 -0.341618 -0.014798 -0.341618
384 0.0182273 0.226082 -1.00583 -0.425232 -1.00583
385 0.664974 0.927304 0.622926 0.657582 0.622926
386 0.83623 0.93638 -0.123626 0.0169057 -0.123626
387 0.405231 0.736169 0.449263 0.745708 0.449263
388 0.220445 0.743806 -0.307902 -0.201658 -0.307902
389 0.00871596 0.390286 -0.293836 -0.287128 -0.293836
390 0.993231 0.990278 0.150397 -0.249339 0.150397
391 0.0792168 0.988454 0.193812 -0.911612 0.193812
392 0.406844 0.73827 0.0341004 0.747557 0.0341004
393 0.842553 0.517457 1.66914 -0.1672 1.66914
394 0.824212 0.985062 1.23786 0.262096 1.23786
395 0.987907 0.508042 -0.328096 -0.293529 -0.328096
396 0.607243 0.261398 0.509989 0.195928 0.509989
397 0.631537 0.502299 -0.451496 1.03868 -0.451496
398 0.628532 0.273928 1.06172 0.158796 1.06172
399 0.0546812 0.964841 0.943714 -0.985106 0.943714
400 0.159575 0.888294 -1.01537 -0.753539 -1.01537
401 0.326526 0.806993 -1.30052 0.268734 -1.30052
402 0.0566571 0.985494 -0.860457 -0.941111 -0.860457
403 0.626814 0.291398 -0.923381 0.237648 -0.923381
404 0.416812 0.296589 0.252463 0.480122 0.252463
405 0.129481 0.017957 -0.387725 -0.461279 -0.387725
406 0.14402 0.367391 0.198203 -0.24183 0.198203
407 0.813927 0.173047 -0.478756 -0.320759 -0.478756
408 0.201531 0.751091 -0.419245 -0.346535 -0.419245
409 0.18878 0.523906 -0.332027 -0.098047 -0.332027
410 0.410507 0.742347 0.350006 0.753277 0.350006
411 0.211393 0.733343 -0.639114 -0.25671 -0.639114
412 0.857336 0.328645 -0.769244 -0.432957 -0.769244
413 0.993195 0.983911 0.375253 -0.269768 0.375253
414 0.833267 0.556073 -0.300748 -0.25963 -0.300748
415 0.0210929 0.964773 -0.800275 -1.0414 -0.800275
416 0.839845 0.989231 -0.59615 0.230918 -0.59615
417 0.302901 0.327935 0.67442 0.0230171 0.67442
418 0.655869 0.580629 0.0578621 0.568232 0.0578621
419 0.169513 0.263191 -0.514903 -0.349338 -0.514903
420 0.36754 0.0499867 -0.43229 0.426229 -0.43229
421 0.650994 0.68839 -0.508452 0.260382 -0.508452
422 0.885516 0.00104562 -0.541 -0.364154 -0.541
423 0.360507 0.554873 0.165318 0.884513 0.165318
424 0.990124 0.137786 -0.192395 -0.884784 -0.192395
425 0.193479 0.941145 -0.637541 -0.714714 -0.637541
426 0.33649 0.996218 -0.905934 0.0813867 -0.905934
427 0.00723295 0.078432 0.654117 -1.06403 0.654117
428 0.870468 0.848388 -0.288703 -0.434423 -0.288703
429 0.0586064 0.745344 -0.543652 -1.3687 -0.543652
430 0.217359 0.725574 -0.370214 -0.209397 -0.370214
431 0.450958 0.708467 0.459231 1.06056 0.459231
432 0.172549 0.52736 -0.160779 -0.131687 -0.160779
433 0.34582 0.798263 -0.347586 0.388186 -0.347586
434 0.640544 0.673743 -0.0638933 0.388269 -0.0638933
435 0.882895 0.00454887 -0.537242 -0.351126 -0.537242
436 0.681092 0.454927 0.0157112 0.464429 0.0157112
437 0.746537 0.00273531 1.14313 0.49349 1.14313
438 0.225599 0.746857 0.318103 -0.166495 0.318103
439 0.126291 0.00997676 -0.360877 -0.488214 -0.360877
440 0.890953 0.78003 -0.0249615 -0.746709 -0.0249615
441 0.85291 0.0441461 0.643307 -0.226972 0.643307
442 0.667803 0.464171 0.675686 0.602269 0.675686
443 0.881757 0.0167897 -0.743292 -0.357005 -0.743292
444 0.972207 0.983485 0.136731 -0.205764 0.136731
445 0.346236 0.159618 -0.234907 0.170655 -0.234907
446 0.536458 0.00373345 0.786492 0.579188 0.786492
447 0.976692 0.649372 -0.221744 -0.700452 -0.221744
448 0.197674 0.225219 -0.02462 -0.328736 -0.02462
449 0.80989 0.49418 -0.329111 -0.0967312 -0.329111
450 0.979696 0.638075 0.873281 -0.670972 0.873281
451 0.0232668 0.247381 -0.696723 -0.341957 -0.696723
452 0.982453 0.665875 -0.719495 -0.757319 -0.719495
453 0.156231 0.885407 -1.17327 -0.763985 -1.17327
454 0.276717 0.569821 0.967898 0.210834 0.967898
455 0.820664 0.203689 -0.269387 -0.410276 -0.269387
456 0.212865 0.723405 -0.995561 -0.237601 -0.995561
457 0.00621774 0.392722 -0.613161 -0.287691 -0.613161
458 0.89409 0.00316518 -0.296135 -0.420462 -0.296135
459 0.36165 0.042711 0.409054 0.43281 0.409054
460 0.655941 0.951849 0.190086 0.798613 0.190086
461 0.371998 0.849679 -0.269694 0.504689 -0.269694
462 0.667161 0.466114 0.503858 0.613916 0.503858
463 0.423449 0.314047 0.398423 0.600952 0.398423
464 0.310403 0.368414 -0.560712 0.176237 -0.560712
465 0.207865 0.249558 -0.286506 -0.371737 -0.286506
466 0.335083 0.360922 0.0583314 0.305032 0.0583314
467 0.817566 0.733487 0.0395509 -0.705535 0.0395509
468 0.43036 0.294295 -1.12758 0.532227 -1.12758
469 0.031168 0.233999 -0.311611 -0.390375 -0.311611
470 0.314497 0.360085 0.0176365 0.177776 0.0176365
471 0.0219081 0.233105 -1.02961 -0.396407 -1.02961
472 0.669164 0.936693 -0.372039 0.673041 -0.372039
473 0.0069295 0.393143 -0.437354 -0.287203 -0.437354
474 0.269032 0.577789 0.764521 0.149229 0.764521
475 0.885499 0.025303 -0.661243 -0.388109 -0.661243
476 0.209314 0.74486 -0.568515 -0.282462 -0.568515
477 0.976608 0.143462 0.434283 -0.83052 0.434283
478 0.803947 0.519203 -0.903981 -0.130695 -0.903981
479 0.0539499 0.0326503 -1.08387 -0.952387 -1.08387
480 0.321051 0.985976 -0.306526 -0.0516642 -0.306526
481 0.640189 0.286398 -0.160767 0.15515 -0.160767
482 0.268484 0.0166343 -0.0634104 0.407712 -0.0634104
483 0.073718 0.980321 -0.508739 -0.929757 -0.508739
484 0.736388 0.823059 0.548623 -0.20327 0.548623
485 0.991805 0.496942 0.76072 -0.279558 0.76072
486 0.308247 0.392937 0.414403 0.230083 0.414403
487 0.722985 0.838346 -0.33432 -0.0490057 -0.33432
488 0.0647692 0.966303 1.1639 -0.965689 1.1639
489 0.462373 0.706677 -0.450093 1.12699 -0.450093
490 0.361427 0.855852 0.436619 0.430233 0.436619
491 0.546026 0.00749381 0.734382 0.572187 0.734382
492 0.814434 0.750745 -0.394272 -0.740511 -0.394272
493 0.020242 0.409691 -0.516125 -0.274406 -0.516125
494 0.645361 0.525786 0.0416425 0.836726 0.0416425
495 0.814987 0.504483 0.361637 -0.104058 0.361637
496 0.658835 0.562679 -0.256526 0.600266 -0.256526
497 0.0310413 0.953819 0.576649 -1.05373 0.576649
498 0.986042 0.134781 -0.479589 -0.872705 -0.479589
499 0.056075 0.227382 -0.135607 -0.401603 -0.135607
500 0.380025 0.931731 0.198285 0.527165 0.198285
501 0.992971 0.332081 0.901089 -0.607345 0.901089
502 0.0605576 0.986444 -1.15793 -0.934941 -1.15793
503 0.999216 0.514734 0.426166 -0.325464 0.426166
504 0.210925 0.0886935 -1.03291 -0.0352412 -1.03291
505 0.985321 0.340783 -0.661033 -0.580056 -0.661033
506 0.0824904 0.980663 -0.844629 -0.918236 -0.844629
507 0.985393 0.658064 0.0962743 -0.73811 0.0962743
508 0.627159 0.311353 -0.685819 0.317333 -0.685819
509 0.0171573 0.569041 -0.410981 -0.645594 -0.410981
510 0.0225344 0.535828 -0.15223 -0.442554 -0.15223
511 0.139602 0.38045 -0.97301 -0.230841 -0.97301
512 0.659641 0.941477 0.065232 0.740192 0.065232
513 0.170782 0.267994 -0.564812 -0.344092 -0.564812
514 0.00961114 0.207024 0.0559647 -0.510079 0.0559647
515 0.865301 0.850207 0.0809656 -0.415538 0.0809656
516 0.681255 0.461778 0.776441 0.483377 0.776441
517 0.616274 0.689457 0.165208 0.52001 0.165208
518 0.805539 0.17181 -0.995114 -0.292524 -0.995114
519 0.809845 0.210476 -0.614377 -0.401253 -0.614377
520 0.0488948 0.0492795 0.452335 -0.936124 0.452335
521 0.147625 0.890026 0.322148 -0.798288 0.322148
522 0.26222 0.0236204 -0.0930154 0.380594 -0.0930154
523 0.976618 0.643747 -0.157131 -0.683691 -0.157131
524 0.678079 0.455494 0.302848 0.490615 0.302848
525 0.356857 0.5487 -0.138986 0.866998 -0.138986
526 0.746224 0.109085 -0.267688 0.111016 -0.267688
527 0.507022 0.143442 -0.0552351 0.55938 -0.0552351
528 0.883945 0.790381 0.791956 -0.69344 0.791956
529 0.752548 0.112281 -0.214379 0.0814891 -0.214379
530 0.500438 0.168002 -0.527762 0.571718 -0.527762
531 0.217398 0.268367 0.136603 -0.349504 0.136603
532 0.826883 0.746671 -0.394958 -0.754567 -0.394958
533 0.901428 0.825108 -0.238155 -0.592426 -0.238155
534 0.262125 0.572691 -0.1042 0.0980127 -0.1042
535 0.718633 0.138881 0.903002 0.0680229 0.903002
536 0.00901578 0.412021 -0.602746 -0.28048 -0.602746
537 0.669602 0.570697 0.963851 0.483259 0.963851
538 0.374726 0.941101 1.05732 0.478498 1.05732
539 0.361781 0.854878 -0.709619 0.43335 -0.709619
540 0.995265 0.972793 -0.0823211 -0.311937 -0.0823211
541 0.209126 0.246301 0.576324 -0.365354 0.576324
542 0.642502 0.677784 0.209923 0.359837 0.209923
543 0.0787477 0.771191 -0.42916 -1.21396 -0.42916
544 0.978969 0.657739 -1.17261 -0.728351 -1.17261
545 0.179583 0.369768 -0.627498 -0.225336 -0.627498
546 0.0407462 0.536635 0.655222 -0.410973 0.655222
547 0.000999774 0.400184 0.62292 -0.28846 0.62292
548 0.710278 0.820542 -0.221228 -0.0492494 -0.221228
549 0.389261 0.050339 0.780973 0.452303 0.780973
550 0.297438 0.352822 -0.527401 0.0563102 -0.527401
551 0.72832 0.818846 0.419208 -0.171649 0.419208
552 0.219135 0.74713 -0.58141 -0.213515 -0.58141
553 0.277493 0.590233 0.574451 0.207409 0.574451
554 0.610633 0.278553 -0.558485 0.257704 -0.558485
555 0.344004 0.537991 0.450626 0.780853 0.450626
556 0.270411 0.571057 0.470561 0.161901 0.470561
557 0.811362 0.196482 -0.507653 -0.370436 -0.507653
558 0.811161 0.511598 -0.0134333 -0.118605 -0.0134333
559 0.219424 0.755065 0.547552 -0.225236 0.547552
560 0.810592 0.525009 -0.250576 -0.152872 -0.250576
561 0.214501 0.750128 -0.46388 -0.249852 -0.46388
562 0.981053 0.973988 -0.0125561 -0.264719 -0.0125561
563 0.673546 0.141729 -0.720031 0.165605 -0.720031
564 0.185615 0.353366 -1.0641 -0.242767 -1.0641
565 0.982447 0.33647 -0.921486 -0.584742 -0.921486
566 0.164429 0.526199 0.0751441 -0.143466 0.0751441
567 0.0701955 0.966117 0.186429 -0.957135 0.186429
568 0.403322 0.298456 0.725061 0.425001 0.725061
569 0.778438 0.606594 -0.247745 -0.324546 -0.247745
570 0.323594 0.807936 -1.06807 0.250556 -1.06807
571 0.387096 0.0456021 0.171823 0.457087 0.171823
572 0.516273 0.000200644 0.238673 0.589045 0.238673
573 0.205981 0.751879 -0.498394 -0.315625 -0.498394
574 0.426263 0.292272 -0.563231 0.502539 -0.563231
575 0.0361632 0.0493297 1.11762 -1.01323 1.11762
576 0.892465 0.779459 0.0992734 -0.751609 0.0992734
577 0.377292 0.0483497 0.0349145 0.440958 0.0349145
578 0.870281 0.329645 -0.663298 -0.448493 -0.663298
579 0.445385 0.72476 0.559956 0.975316 0.559956
580 0.988066 0.976597 -0.0975252 -0.277619 -0.0975252
581 0.828611 0.523299 0.636256 -0.167802 0.636256
582 0.71372 0.150358 -0.323419 0.0434183 -0.323419
583 0.0188404 0.39852 0.0961834 -0.279156 0.0961834
584 0.272435 0.567694 0.842123 0.178671 0.842123
585 0.666874 0.455174 0.0569486 0.580694 0.0569486
586 0.744101 0.124974 -0.00312738 0.0583783 -0.00312738
587 0.0692932 0.738348 -0.931865 -1.26029 -0.931865
588 0.873311 0.0185294 0.0346668 -0.308007 0.0346668
589 0.377499 0.0411784 0.796645 0.453359 0.796645
590 0.379649 0.548178 0.55905 1.05212 0.55905
591 0.827448 0.524269 0.137192 -0.169111 0.137192
592 0.416014 0.739645 0.237453 0.786666 0.237453
593 0.748333 0.00616712 0.0731664 0.480303 0.0731664
594 0.000989254 0.962646 -0.340237 -1.08232 -0.340237
595 0.194593 0.939048 0.192996 -0.708684 0.192996
596 0.068092 0.0285172 -1.35587 -0.869015 -1.35587
597 0.218699 0.0730006 0.036757 0.0390563 0.036757
598 0.66651 0.688623 0.766796 0.141959 0.766796
599 0.191778 0.53134 0.416825 -0.103667 0.416825
600 0.194 0.362058 0.138547 -0.22926 0.138547
601 0.997222 0.967492 0.657252 -0.334855 0.657252
602 0.196555 0.211892 -1.42306 -0.30743 -1.42306
603 0.968649 0.643908 -0.443174 -0.673502 -0.443174
604 0.836558 0.977603 -0.770151 0.191714 -0.770151
605 0.872415 0.790645 -0.0233821 -0.671193 -0.0233821
606 0.1945 0.948256 0.177648 -0.724142 0.177648
607 0.818541 0.73051 -0.48633 -0.699239 -0.48633
608 0.0290865 0.494732 0.893426 -0.234856 0.893426
609 0.658073 0.90849 0.726742 0.62106 0.726742
610 0.338936 0.808189 -0.799794 0.337948 -0.799794
611 0.0413702 0.967552 -1.15849 -1.0009 -1.15849
612 0.0174447 0.248014 0.809196 -0.338643 0.809196
613 0.677012 0.463971 0.49744 0.525115 0.49744
614 0.0301723 0.483565 -0.341174 -0.238281 -0.341174
615 0.173791 0.264985 -0.900535 -0.347928 -0.900535
616 0.681396 0.136666 -0.48603 0.160621 -0.48603
617 0.815684 0.728539 0.200228 -0.689729 0.200228
618 0.0525602 0.0243026 -0.987852 -0.985476 -0.987852
619 0.978582 0.985103 -0.572717 -0.220246 -0.572717
620 0.882576 0.0215283 0.422804 -0.366935 0.422804
621 0.228648 0.733713 -0.451948 -0.13777 -0.451948
622 0.648235 0.688488 0.837782 0.280993 0.837782
623 0.180553 0.532457 0.000426249 -0.126367 0.000426249
624 0.263811 0.0227157 0.478617 0.384853 0.478617
625 0.997082 0.358952 -0.871293 -0.559379 -0.871293
626 0.410946 0.303741 -0.0247262 0.487109 -0.0247262
627 0.0320089 0.0420736 0.391371 -1.06392 0.391371
628 0.0312813 0.534958 0.174125 -0.420632 0.174125
629 0.425515 0.166454 -0.338249 0.371231 -0.338249
630 0.738839 0.118687 -0.585819 0.0915568 -0.585819
631 0.49445 0.158934 0.507087 0.559607 0.507087
632 0.432516 0.291546 -0.796031 0.527747 -0.796031
633 0.856297 0.944581 0.069825 -0.00545941 0.069825
634 0.199911 0.938459 -0.684013 -0.695134 -0.684013
635 0.602071 0.252428 0.471121 0.176073 0.471121
636 0.209278 0.909232 0.650065 -0.613255 0.650065
637 0.992085 0.496408 0.188367 -0.280904 0.188367
638 0.34749 0.181749 -0.00614767 0.127977 -0.00614767
639 0.973371 0.661538 -0.256489 -0.731914 -0.256489
640 0.742823 0.00900906 0.591438 0.472746 0.591438
641 0.861604 0.951515 -0.333676 0.00778237 -0.333676
642 0.0507604 0.960481 -0.979548 -1.00092 -0.979548
643 0.856505 0.545892 -0.608282 -0.258792 -0.608282
644 0.186393 0.370669 -0.994065 -0.221537 -0.994065
645 0.978271 0.130461 -0.547327 -0.847223 -0.547327
646 0.387364 0.851516 0.0382582 0.605663 0.0382582
647 0.210796 0.745271 0.148243 -0.272193 0.148243
648 0.611682 0.680131 -0.528261 0.587852 -0.528261
649 0.235571 0.0721492 -0.720213 0.131363 -0.720213
650 0.827095 0.526377 1.55856 -0.174286 1.55856
651 0.309642 0.369204 -1.35467 0.173689 -1.35467
652 0.140537 0.89408 -0.816175 -0.825029 -0.816175
653 0.853849 0.939756 0.0972182 -0.0184803 0.0972182
654 0.29776 0.391208 0.111912 0.155188 0.111912
655 0.34881 0.171437 0.364956 0.153056 0.364956
656 0.806845 0.514557 1.01864 -0.121743 1.01864
657 0.68557 0.14755 -0.0512327 0.121173 -0.0512327
658 0.749893 0.00389185 0.401783 0.48789 0.401783
659 0.19038 0.950823 -0.768642 -0.736791 -0.768642
660 0.0415652 0.0451977 0.699818 -0.993721 0.699818
661 0.389122 0.931973 0.745072 0.602883 0.745072
662 0.0456335 0.0172987 0.0467771 -1.05454 0.0467771
663 0.986273 0.668305 -0.742374 -0.769861 -0.742374
664 0.0239033 0.526147 -0.160674 -0.385391 -0.160674
665 0.358501 0.543574 0.648608 0.889997 0.648608
666 0.539195 0.0110263 -0.384952 0.573036 -0.384952
667 0.987337 0.332799 0.526224 -0.59844 0.526224
668 0.726362 0.84201 -0.0690341 -0.0530246 -0.0690341
669 0.330923 0.997214 -0.989272 0.0260422 -0.989272
670 0.0353195 0.956617 -1.64254 -1.03826 -1.64254
671 0.00491934 0.199015 0.181942 -0.550281 0.181942
672 0.621157 0.30862 0.567807 0.336812 0.567807
673 0.338396 0.544946 0.00970978 0.723806 0.00970978
674 0.68689 0.466462 0.799177 0.450131 0.799177
675 0.808297 0.433836 0.319874 -0.194369 0.319874
676 0.347612 0.804144 0.343109 0.391859 0.343109
677 0.167282 0.882031 0.765207 -0.71927 0.765207
678 0.716836 0.137822 0.445818 0.0755775 0.445818
679 0.862877 0.955179 -0.0510945 0.0190677 -0.0510945
680 0.658615 0.678617 0.01177 0.233636 0.01177
681 0.80567 0.726886 -0.631035 -0.670199 -0.631035
682 0.199961 0.95766 -0.179421 -0.729554 -0.179421
683 0.186795 0.350163 -0.425124 -0.24629 -0.425124
684 0.395735 0.316675 -0.604766 0.471629 -0.604766
685 0.994931 0.342746 -1.13016 -0.588786 -1.13016
686 0.506163 0.150431 0.196406 0.559901 0.196406
687 0.818234 0.202424 -0.576124 -0.40155 -0.576124
688 0.99243 0.96954 -0.0524718 -0.313819 -0.0524718
689 0.999064 0.343121 0.0427954 -0.593455 0.0427954
690 0.0752078 0.772845 0.302687 -1.23545 0.302687
691 0.844697 0.575078 0.227935 -0.323559 0.227935
692 0.994994 0.135594 -0.958883 -0.905243 -0.958883
693 0.348587 0.178167 0.992859 0.138555 0.992859
694 0.3796 0.544016 0.740101 1.06118 0.740101
695 0.0619207 0.749304 -0.576916 -1.36334 -0.576916
696 0.380297 0.926578 1.01587 0.531308 1.01587
697 0.982466 0.664957 -0.290654 -0.754606 -0.290654
698 0.0458657 0.528638 0.158827 -0.360214 0.158827
699 0.64655 0.668706 -1.0232 0.358506 -1.0232
700 0.222402 0.741043 -0.358591 -0.185802 -0.358591
701 0.684013 0.445808 1.12882 0.414253 1.12882
702 0.800258 0.434444 0.412411 -0.184177 0.412411
703 0.542496 0.00477583 0.644806 0.57586 0.644806
704 0.992522 0.345899 -0.0134896 -0.579385 -0.0134896
705 0.727973 0.808508 -0.20043 -0.21699 -0.20043
706 0.895734 0.797784 0.0305979 -0.686438 0.0305979
707 0.502477 0.141464 0.781079 0.570579 0.781079
708 0.748693 0.116209 -0.415048 0.0804273 -0.415048
709 0.873019 0.341011 0.424455 -0.432107 0.424455
710 0.979241 0.974786 -0.410507 -0.256542 -0.410507
711 0.825497 0.515461 0.698811 -0.143823 0.698811
712 0.903957 0.821673 -0.297548 -0.610767 -0.297548
713 0.967488 0.642046 -1.0653 -0.666471 -1.0653
714 0.978643 0.992813 -0.044724 -0.194819 -0.044724
715 0.335581 0.167854 1.0601 0.124345 1.0601
716 0.840356 0.982676 0.385424 0.201526 0.385424
717 0.125199 0.0223417 0.794871 -0.488881 0.794871
718 0.884303 0.0300274 0.685508 -0.385862 0.685508
719 0.603858 0.27549 -0.475498 0.274105 -0.475498
720 0.00438632 0.412497 0.210699 -0.283196 0.210699
721 0.0652815 0.982433 -1.38595 -0.93673 -1.38595
722 0.734801 0.822353 0.613124 -0.196538 0.613124
723 0.825485 0.723444 -0.386596 -0.691246 -0.386596
724 0.979425 0.634714 -0.913906 -0.660641 -0.913906
725 0.993169 0.336666 -0.697795 -0.598523 -0.697795
726 0.0386494 0.965905 -0.792505 -1.00928 -0.792505
727 0.718381 0.149162 0.305277 0.0356494 0.305277
728 0.652991 0.955266 -0.197192 0.826179 -0.197192
729 0.629022 0.286531 -0.404681 0.207527 -0.404681
730 0.36322 0.549583 -0.230202 0.916596 -0.230202
731 0.00385127 0.0575013 -0.307654 -1.17341 -0.307654
732 0.0296934 0.0411614 0.64783 -1.08176 0.64783
733 0.792463 0.596749 0.002003 -0.316972 0.002003
734 0.193686 0.21387 0.0354752 -0.313302 0.0354752
735 0.379946 0.85062 0.211199 0.556772 0.211199
736 0.897089 0.816179 -0.246304 -0.617944 -0.246304
737 0.994328 0.126721 -0.89856 -0.912907 -0.89856
738 0.852015 0.986997 -0.514773 0.183248 -0.514773
739 0.475589 0.732182 -0.220232 1.09507 -0.220232
740 0.162069 0.892278 0.180171 -0.747549 0.180171
741 0.686233 0.150881 0.90114 0.110379 0.90114
742 0.878641 0.845664 -0.574864 -0.463429 -0.574864
743 0.987659 0.984617 0.205609 -0.250204 0.205609
744 0.446252 0.723074 0.56011 0.985429 0.56011
745 0.989025 0.510501 -0.0436885 -0.302046 -0.0436885
746 0.730109 0.815922 0.220641 -0.196555 0.220641
747 0.987233 0.138611 -0.300206 -0.873312 -0.300206
748 0.372524 0.854156 -0.544124 0.505783 -0.544124
749 0.363467 0.0484311 0.163606 0.424152 0.163606
750 0.619454 0.310943 0.194473 0.355331 0.194473
751 0.819897 0.720477 -0.214131 -0.675024 -0.214131
752 0.734297 0.823345 -0.0898729 -0.188713 -0.0898729
753 0.324298 0.993888 -0.278879 -0.0331469 -0.278879
754 0.0319289 0.239194 -0.947459 -0.371911 -0.947459
755 0.98976 0.987609 0.472187 -0.247045 0.472187
756 0.735642 0.00366734 -0.0868484 0.494753 -0.0868484
757 0.810155 0.994318 -0.017636 0.347104 -0.017636
758 0.980516 0.99107 -0.464395 -0.206539 -0.464395
759 0.988963 0.121037 0.071752 -0.897897 0.071752
760 0.612643 0.262689 1.24613 0.179298 1.24613
761 0.664585 0.943939 1.01529 0.724846 1.01529
762 0.740611 0.0285807 0.668773 0.404986 0.668773
763 0.639275 0.709305 0.50982 0.27965 0.50982
764 0.727154 0.816784 0.53285 -0.173686 0.53285
765 0.884069 0.332019 0.322352 -0.462653 0.322352
766 0.985852 0.134239 -0.0883918 -0.872523 -0.0883918
767 0.225409 0.0760643 0.224468 0.066983 0.224468
768 0.377619 0.862531 -0.126519 0.536343 -0.126519
769 0.169855 0.885967 0.734332 -0.713332 0.734332
770 0.991576 0.504106 0.0434637 -0.285568 0.0434637
771 0.537239 0.00391519 0.951678 0.578737 0.951678
772 0.997063 0.976964 -0.350104 -0.304062 -0.350104
773 0.503362 0.150755 0.196212 0.566816 0.196212
774 0.318374 0.611508 0.213317 0.481918 0.213317
775 0.535106 0.0184975 0.229094 0.570513 0.229094
776 0.383869 0.539779 1.07921 1.10595 1.07921
777 0.669212 0.457722 0.548231 0.569873 0.548231
778 0.16497 0.899235 -0.816128 -0.743282 -0.816128
779 0.825743 0.981949 0.25247 0.24382 0.25247
780 0.160995 0.532229 0.543182 -0.162639 0.543182
781 0.206607 0.729319 0.0145993 -0.285502 0.0145993
782 0.372669 0.540824 0.663389 1.01154 0.663389
783 0.00949577 0.403139 -0.956632 -0.282862 -0.956632
784 0.164143 0.0381576 0.104703 -0.229593 0.104703
785 0.99012 0.508446 0.384207 -0.297044 0.384207
786 0.328182 0.992639 0.346776 0.00613097 0.346776
787 0.683107 0.136286 0.333265 0.157723 0.333265
788 0.981582 0.141899 -0.391003 -0.84967 -0.391003
789 0.557913 0.960015 -0.546335 1.30612 -0.546335
790 0.0819404 0.96883 -0.256882 -0.934373 -0.256882
791 0.0130045 0.410892 -0.274512 -0.278387 -0.274512
792 0.91357 0.00884004 0.802847 -0.546116 0.802847
793 0.0369103 0.0606481 0.831865 -0.970703 0.831865
794 0.878693 0.785281 0.290663 -0.704109 0.290663
795 0.735985 0.819065 0.409748 -0.219439 0.409748
796 0.0165297 0.410355 0.0475238 -0.276421 0.0475238
797 0.306779 0.359826 -0.49084 0.1304 -0.49084
798 0.347149 0.167821 0.526959 0.155978 0.526959
799 0.732928 0.00184081 0.674169 0.502134 0.674169
800 0.353587 0.197702 -0.541114 0.113796 -0.541114
801 0.153483 0.883819 -1.08398 -0.773401 -1.08398
802 0.348107 0.168593 0.748106 0.156991 0.748106
803 0.869947 0.0436466 -0.145866 -0.320338 -0.145866
804 0.0121162 0.397292 0.0489007 -0.283211 0.0489007
805 0.865888 0.0302776 0.178499 -0.279492 0.178499
806 0.205208 0.726725 0.207336 -0.292186 0.207336
807 0.410813 0.163196 0.101325 0.335518 0.101325
808 0.374262 0.853869 0.238389 0.517555 0.238389
809 0.859912 0.0456468 0.807334 -0.267855 0.807334
810 0.198629 0.754936 -0.282861 -0.374479 -0.282861
811 0.152677 0.882961 0.044446 -0.775987 0.044446
812 0.975235 0.996763 -0.347799 -0.170778 -0.347799
813 0.833285 0.55709 -0.418777 -0.262345 -0.418777
814 0.222778 0.733252 -0.215659 -0.178045 -0.215659
815 0.0346163 0.541736 0.364208 -0.450478 0.364208
816 0.664282 0.934242 -0.381262 0.688374 -0.381262
817 0.0708206 0.969814 -0.00895825 -0.950206 -0.00895825
818 0.0661827 0.74857 -0.075556 -1.32886 -0.075556
819 0.86578 0.840226 0.297359 -0.457226 0.297359
820 0.374365 0.54252 0.110905 1.02177 0.110905
821 0.534657 0.0126754 0.172774 0.574408 0.172774
822 0.493073 0.155964 0.835905 0.556662 0.835905
823 0.729714 0.814657 -0.113565 -0.19987 -0.113565
824 0.375183 0.940393 0.990548 0.482734 0.990548
825 0.653729 0.684679 0.653859 0.251576 0.653859
826 0.984847 0.9788 0.187999 -0.260508 0.187999
827 0.976635 0.139739 -0.363162 -0.833578 -0.363162
828 0.999878 0.9661 0.179527 -0.347278 0.179527
829 0.332886 0.372224 -0.0767158 0.328455 -0.0767158
830 0.655844 0.907795 0.663427 0.630459 0.663427
831 0.983285 0.64526 -0.208212 -0.697114 -0.208212
832 0.985445 0.987438 -0.807385 -0.234044 -0.807385
833 0.970045 0.654543 -0.0467367 -0.706716 -0.0467367
834 0.00696404 0.417877 -0.191461 -0.280053 -0.191461
835 0.498154 0.140699 0.976645 0.572137 0.976645
836 0.732715 0.822112 1.01046 -0.18445 1.01046
837 0.210591 0.743879 -0.22837 -0.272335 -0.22837
838 0.499032 0.14651 0.962733 0.573387 0.962733
839 0.339547 0.177167 -0.741278 0.114879 -0.741278
840 0.997429 0.501265 -0.0720978 -0.283071 -0.0720978
841 0.737176 0.820317 0.0118963 -0.221141 0.0118963
842 0.82502 0.978917 0.529574 0.232905 0.529574
843 0.975051 0.980218 -0.788366 -0.225552 -0.788366
844 0.644662 0.66979 -0.00855256 0.369551 -0.00855256
845 0.542311 0.0157192 0.0598727 0.567975 0.0598727
846 0.406973 0.732042 0.730143 0.765359 0.730143
847 0.339338 0.159231 -0.223278 0.153404 -0.223278
848 0.895277 0.780283 -0.643334 -0.753378 -0.643334
849 0.033624 0.0347006 0.95803 -1.07926 0.95803
850 0.0204476 0.246877 -0.789168 -0.343521 -0.789168
851 0.38045 0.847836 0.362091 0.561119 0.362091
852 0.494536 0.15093 0.492155 0.56145 0.492155
853 0.65252 0.532635 1.24254 0.751266 1.24254
854 0.236535 0.729357 -0.458056 -0.0818916 -0.458056
855 0.832093 0.565459 -0.639881 -0.283126 -0.639881
856 0.881265 0.781135 0.401561 -0.725193 0.401561
857 0.655312 0.586221 0.168776 0.554999 0.168776
858 0.39218 0.056386 0.300583 0.446779 0.300583
859 0.0431984 0.22617 -1.19734 -0.411729 -1.19734
860 0.39563 0.30574 0.495156 0.421375 0.495156
861 0.403698 0.320549 0.339019 0.53091 0.339019
862 0.33447 0.977356 -0.350329 0.0869491 -0.350329
863 0.0400162 0.463276 -0.492804 -0.237903 -0.492804
864 0.988232 0.990115 -0.948533 -0.234073 -0.948533
865 0.0262342 0.525852 0.521015 -0.379733 0.521015
866 0.968114 0.975185 -0.631352 -0.221171 -0.631352
867 0.933362 0.189616 0.18913 -0.678601 0.18913
868 0.0202055 0.41188 -0.719414 -0.273647 -0.719414
869 0.564664 0.95689 -0.239885 1.26441 -0.239885
870 0.882387 0.00748691 -0.557873 -0.351024 -0.557873
871 0.0382283 0.554409 -0.791529 -0.509612 -0.791529
872 0.674494 0.674641 -0.260293 0.124123 -0.260293
873 0.103371 0.998118 0.0647676 -0.879106 0.0647676
874 0.971719 0.637896 -0.942569 -0.659871 -0.942569
875 0.186539 0.369939 -0.693316 -0.222364 -0.693316
876 0.615785 0.255261 0.816435 0.134236 0.816435
877 0.0262476 0.22954 -1.18003 -0.408222 -1.18003
878 0.0554513 0.0369347 -1.19678 -0.930598 -1.19678
879 0.219224 0.720991 0.56346 -0.193485 0.56346
880 0.308921 0.985659 -0.61505 -0.165975 -0.61505
881 0.320486 0.992163 0.252741 -0.0670854 0.252741
882 0.383372 0.925604 0.788654 0.556877 0.788654
883 0.204798 0.738533 0.298131 -0.307969 0.298131
884 0.477229 0.719744 -0.240639 1.15281 -0.240639
885 0.977326 0.136234 -0.964285 -0.838935 -0.964285
886 0.0108804 0.206343 -0.46845 -0.511487 -0.46845
887 0.00602714 0.192223 0.259971 -0.578126 0.259971
888 0.993016 0.636901 -0.0316324 -0.68511 -0.0316324
889 0.642006 0.27799 0.342119 0.115028 0.342119
890 0.669452 0.458656 0.512352 0.570899 0.512352
891 0.202271 0.0768634 0.62327 -0.0554982 0.62327
892 0.0402407 0.965703 -0.581043 -1.00715 -0.581043
893 0.868077 0.330065 -0.056201 -0.444816 -0.056201
894 0.993216 0.336619 0.37722 -0.598679 0.37722
895 0.966808 0.979919 0.195848 -0.201075 0.195848
896 0.606636 0.257127 0.639064 0.179223 0.639064
897 0.238793 0.080753 -0.373123 0.123068 -0.373123
898 0.123218 0.00304673 -0.426867 -0.515172 -0.426867
899 0.829333 0.749757 -0.964002 -0.766541 -0.964002
900 0.0370485 0.241009 -0.369596 -0.365218 -0.369596
901 0.666661 0.142234 -0.0707061 0.180651 -0.0707061
902 0.972586 0.980386 -0.253114 -0.217362 -0.253114
903 0.876416 0.837501 -0.317916 -0.491171 -0.317916
904 0.0841093 0.746742 -0.831983 -1.19073 -0.831983
905 0.997047 0.514407 0.198194 -0.322188 0.198194
906 0.897174 0.841333 -0.150005 -0.520978 -0.150005
907 0.877114 0.0313825 0.0550299 -0.345767 0.0550299
908 0.39148 0.931743 0.404281 0.622567 0.404281
909 0.370854 0.539974 0.155707 0.998445 0.155707
910 0.900987 0.852147 -0.10537 -0.487782 -0.10537
911 0.868878 0.790532 0.389967 -0.665149 0.389967
912 0.459108 0.722596 -0.35643 1.05112 -0.35643
913 0.992232 0.673289 -1.13696 -0.793086 -1.13696
914 0.281507 0.0229787 0.223139 0.399618 0.223139
915 0.992467 0.123518 -1.08417 -0.909198 -1.08417
916 0.220889 0.0822514 0.506401 0.0284451 0.506401
917 0.423586 0.730498 0.716093 0.850038 0.716093
918 0.592964 0.883528 0.0685518 0.894529 0.0685518
919 0.152638 0.887536 -0.492844 -0.778673 -0.492844
920 0.0115568 0.409472 -0.762908 -0.279712 -0.762908
921 0.00910036 0.0754882 0.591794 -1.06685 0.591794
922 0.96575 0.329564 -0.806254 -0.576012 -0.806254
923 0.687215 0.449939 0.297581 0.400566 0.297581
924 0.313679 0.370878 0.154896 0.203641 0.154896
925 0.221845 0.733194 0.329663 -0.184448 0.329663
926 0.631963 0.686309 0.486282 0.411784 0.486282
927 0.987082 0.985201 0.704793 -0.246495 0.704793
928 0.0589104 0.958917 0.574786 -0.989363 0.574786
929 0.915344 0.823356 -0.0311909 -0.627743 -0.0311909
930 0.464232 0.715085 0.356671 1.10502 0.356671
931 0.276291 0.566587 0.93037 0.208978 0.93037
932 0.0193375 0.553644 -0.581919 -0.551106 -0.581919
933 0.0345834 0.465629 -0.283952 -0.241666 -0.283952
934 0.991364 0.143217 -0.730024 -0.883453 -0.730024
935 0.595795 0.888505 -0.363019 0.89431 -0.363019
936 0.621807 0.260682 -0.0313491 0.132842 -0.0313491
937 0.632643 0.689654 0.235613 0.395307 0.235613
938 0.0447289 0.0431711 1.00797 -0.98042 1.00797
939 0.0199097 0.404461 -0.524912 -0.276463 -0.524912
940 0.998242 0.961258 0.720403 -0.357829 0.720403
941 0.584268 0.894486 0.555881 0.977448 0.555881
942 0.363355 0.0472464 0.606264 0.426238 0.606264
943 0.988566 0.137213 0.0100387 -0.879638 0.0100387
944 0.818193 0.199958 -0.138396 -0.395747 -0.138396
945 0.183816 0.539232 -0.287896 -0.131257 -0.287896
946 0.477268 0.709606 -0.491556 1.19365 -0.491556
947 0.175664 0.266454 -1.15318 -0.346495 -1.15318
948 0.325899 0.810922 -0.992718 0.259213 -0.992718
949 0.737845 0.126031 -0.175631 0.0680306 -0.175631
950 0.685623 0.447947 0.756692 0.407615 0.756692
951 0.033139 0.492425 0.883859 -0.231612 0.883859
952 0.880016 0.782571 0.571672 -0.717265 0.571672
953 0.198507 0.226282 0.108795 -0.330086 0.108795
954 0.50442 0.170982 0.237758 0.56024 0.237758
955 0.224306 0.738804 -0.667406 -0.170913 -0.667406
956 0.828116 0.509199 -0.561757 -0.130077 -0.561757
957 0.65233 0.585588 0.183078 0.582041 0.183078
958 0.992302 0.505778 0.416541 -0.291326 0.416541
959 0.0584422 0.0225356 -0.621564 -0.94991 -0.621564
960 0.507844 0.141978 0.174278 0.557771 0.174278
961 0.750438 0.0219779 0.367016 0.419207 0.367016
962 0.858943 0.0144512 -1.17992 -0.215335 -1.17992
963 0.301485 0.338233 -0.113696 0.0422031 -0.113696
964 0.609685 0.264734 -0.426205 0.200653 -0.426205
965 0.81693 0.20731 -0.281071 -0.409824 -0.281071
966 0.160866 0.531751 0.28672 -0.161828 0.28672
967 0.0123163 0.251949 0.242722 -0.329022 0.242722
968 0.918293 0.196103 -0.154813 -0.640723 -0.154813
969 0.684214 0.148768 0.0204642 0.121175 0.0204642
970 0.888351 0.797802 0.120457 -0.672441 0.120457
971 0.184585 0.528754 -0.467479 -0.112833 -0.467479
972 0.331627 0.815005 -0.464635 0.286634 -0.464635
973 0.85711 0.0309553 -0.570435 -0.229718 -0.570435
974 0.00990308 0.402874 -0.550061 -0.28271 -0.550061
975 0.399017 0.279681 0.54611 0.317775 0.54611
976 0.988802 0.994029 0.380623 -0.223133 0.380623
977 0.732875 0.834093 -0.168225 -0.129722 -0.168225
978 0.107417 0.988838 0.618347 -0.881785 0.618347
979 0.364499 0.536099 0.711713 0.953948 0.711713
980 0.661381 0.680456 0.846323 0.206637 0.846323
981 0.211868 0.740943 -0.658228 -0.260466 -0.658228
982 0.423641 0.307149 0.004621 0.566581 0.004621
983 0.827429 0.982909 0.658802 0.242734 0.658802
984 0.824949 0.193641 0.543442 -0.398601 0.543442
985 0.991382 0.517153 0.630803 -0.32443 0.630803
986 0.737217 0.827229 0.265335 -0.188923 0.265335
987 0.378548 0.0524035 1.18742 0.435656 1.18742
988 0.661382 0.463689 0.288949 0.654014 0.288949
989 0.0411143 0.0438256 0.191176 -1.00094 0.191176
990 0.748402 0.00920718 -0.194787 0.469242 -0.194787
991 0.00129674 0.421252 0.160088 -0.282835 0.160088
992 0.874945 0.0357741 0.0776729 -0.338522 0.0776729
993 0.326636 0.809763 -0.720723 0.26521 -0.720723
994 0.835816 0.514938 -0.0925496 -0.153356 -0.0925496
995 0.365042 0.84711 -1.09796 0.460562 -1.09796
996 0.327882 0.374329 -0.300085 0.303564 -0.300085
997 0.981462 0.634302 -0.126637 -0.6621 -0.126637
998 0.676704 0.937465 1.19085 0.637652 1.19085
999 0.348093 0.176094 0.636572 0.141433 0.636572

