200 127 0.447605 0.660636 0.0122762
400 137 0.431138 0.726437 0.0340749
600 139 0.433348 0.639811 -0.074572
800 126 0.0698335 0.663825 -0.000339695
1000 144 0.355877 0.733427 0.0569187
1200 144 0.0427966 0.659842 0.0662031
1400 115 0.169692 0.688095 0.0429607
1600 145 -0.0285114 0.659534 0.0053916
1800 149 0.265642 0.67566 -0.0389971
2000 141 0.347402 0.634371 0.03291
2200 158 -0.287985 0.794137 0.055389
2400 148 0.174594 0.69149 0.0210728
2600 156 0.327791 0.734011 -0.058366
2800 145 0.417632 0.736877 -0.0788094
3000 154 0.244314 0.635951 0.0136448
3200 169 0.204565 0.723724 0.0416123
3400 141 -0.0681121 0.749919 -0.0424411
3600 158 0.301225 0.69527 0.0542942
3800 154 0.053456 0.764103 -0.11369
4000 160 0.783575 0.670137 0.00155825
4200 161 0.168366 0.657214 0.187096
4400 162 0.127706 0.670552 0.202606
4600 153 0.0290243 0.608683 0.161439
4800 155 0.15983 0.639362 0.193547
5000 153 0.0347626 0.64945 0.180143
5200 147 0.186718 0.604498 0.207759
5400 161 -0.0229073 0.680389 0.253127
5600 164 0.177118 0.586899 0.220384
5800 180 0.0961035 0.742628 0.356382
6000 165 0.152656 0.647332 0.223495
