id x y phenotype1 envi phenotype2 
0 0.296611 0.342927 -0.0408747 0.134971 -0.0408747
1 0.631553 0.672041 0.850712 0.56506 0.850712
2 0.130979 0.135148 -0.91647 -0.643132 -0.91647
3 0.43832 0.806671 -0.569739 0.596955 -0.569739
4 0.676116 0.290932 0.0157713 0.0977257 0.0157713
5 0.41392 0.829444 -0.133733 0.526888 -0.133733
6 0.212512 0.519352 -0.0333464 0.219306 -0.0333464
7 0.137542 0.132183 -0.846197 -0.607281 -0.846197
8 0.681675 0.531342 -0.702735 -0.15442 -0.702735
9 0.134837 0.142014 -0.312155 -0.625102 -0.312155
10 0.981274 0.195275 -0.105816 -1.07733 -0.105816
11 0.978518 0.433938 0.34627 -0.831221 0.34627
12 0.514015 0.687426 0.130111 0.80016 0.130111
13 0.524222 0.735135 -0.648952 0.82506 -0.648952
14 0.563976 0.429252 0.68639 0.399664 0.68639
15 0.972396 0.574342 0.0804396 -0.681936 0.0804396
16 0.308624 0.725873 0.671434 0.695161 0.671434
17 0.839506 0.247437 -0.626915 -0.445766 -0.626915
18 0.137515 0.132 -0.592508 -0.607359 -0.592508
19 0.693178 0.252313 -0.443479 0.125181 -0.443479
20 0.279739 0.351047 0.102786 0.101223 0.102786
21 0.577579 0.0801471 -1.02817 0.453874 -1.02817
22 0.0219661 0.585526 -0.180248 -0.133279 -0.180248
23 0.555086 0.866525 0.211165 0.333199 0.211165
24 0.230085 0.963495 0.179849 0.375748 0.179849
25 0.0223844 0.850689 -0.847468 -0.92946 -0.847468
26 0.213775 0.548559 0.607371 0.245723 0.607371
27 0.00823326 0.430895 0.576662 -0.115395 0.576662
28 0.00741551 0.583681 -0.990256 -0.153641 -0.990256
29 0.231037 0.493083 -1.00642 0.179994 -1.00642
30 0.940064 0.834914 0.0612238 -0.595921 0.0612238
31 0.520764 0.683916 0.710284 0.786836 0.710284
32 0.0111275 0.576894 0.089874 -0.106496 0.089874
33 0.837101 0.653582 0.269744 -0.114577 0.269744
34 0.99586 0.83703 -0.698001 -0.931866 -0.698001
35 0.0864803 0.716772 0.69103 -0.428703 0.69103
36 0.837855 0.658917 -0.563413 -0.097275 -0.563413
37 0.844149 0.248759 -0.491559 -0.470986 -0.491559
38 0.419752 0.0727457 -0.225296 0.389797 -0.225296
39 0.601975 0.0465577 0.140388 0.436054 0.140388
40 0.395561 0.497112 0.674331 0.516479 0.674331
41 0.538224 0.686881 -0.783547 0.761531 -0.783547
42 0.299334 0.724009 0.722164 0.685156 0.722164
43 0.938236 0.546846 -0.369808 -0.6509 -0.369808
44 0.279356 0.334569 -0.389742 0.0841538 -0.389742
45 0.0243034 0.301929 -0.183491 -0.905415 -0.183491
46 0.836606 0.252487 -0.497833 -0.437268 -0.497833
47 0.184663 0.00180742 -0.817106 -0.301178 -0.817106
48 0.0596812 0.724105 -0.58009 -0.633547 -0.58009
49 0.801448 0.0353388 -0.0580454 0.0219006 -0.0580454
50 0.997719 0.189745 0.649667 -1.14987 0.649667
51 0.840717 0.651031 -0.399884 -0.138282 -0.399884
52 0.73992 0.0720716 0.494885 0.232659 0.494885
53 0.235222 0.923039 0.563596 0.440577 0.563596
54 0.510218 0.961847 0.2116 -0.122912 0.2116
55 0.733948 0.859476 -0.301668 0.447558 -0.301668
56 0.546162 0.84236 -0.102456 0.433558 -0.102456
57 0.0779054 0.716174 -0.00299195 -0.482254 -0.00299195
58 0.208023 0.505899 0.390704 0.209857 0.390704
59 0.527699 0.975054 0.561031 -0.163282 0.561031
60 0.300867 0.118402 0.878638 0.112071 0.878638
61 0.790316 0.0386913 0.21865 0.0698559 0.21865
62 0.309613 0.138152 -0.381244 0.12387 -0.381244
63 0.787074 0.984481 0.0825207 -0.138822 0.0825207
64 0.655633 0.680563 0.539731 0.551588 0.539731
65 0.14807 0.802976 0.533069 -0.0773481 0.533069
66 0.987041 0.00664612 -1.18273 -0.803196 -1.18273
67 0.15128 0.810614 -0.126837 -0.0555739 -0.126837
68 0.139275 0.198768 0.433181 -0.622053 0.433181
69 0.630352 0.664304 0.224017 0.542097 0.224017
70 0.138763 0.131066 -0.778338 -0.6004 -0.778338
71 0.28926 0.338855 0.792299 0.112855 0.792299
72 0.529724 0.252474 0.394976 0.496884 0.394976
73 0.295912 0.134504 -0.651575 0.0938166 -0.651575
74 0.685081 0.27431 -0.73534 0.103034 -0.73534
75 0.842262 0.252044 0.153623 -0.465109 0.153623
76 0.185036 0.000443524 -0.288942 -0.298534 -0.288942
77 0.914012 0.9876 -0.676179 -0.81566 -0.676179
78 0.253446 0.910717 -0.699868 0.537114 -0.699868
79 0.302867 0.727894 0.703195 0.694471 0.703195
80 0.997042 0.19684 -0.203832 -1.15802 -0.203832
81 8.50062e-05 0.315848 -0.916206 -0.905602 -0.916206
82 0.135259 0.135196 -0.541573 -0.620456 -0.541573
83 0.0146915 0.604855 -0.246586 -0.258802 -0.246586
84 0.989499 0.00467331 -0.788533 -0.811445 -0.788533
85 0.554693 0.432621 0.452536 0.444383 0.452536
86 0.165681 0.0116113 -0.0468007 -0.409654 -0.0468007
87 0.00527815 0.31851 -1.16846 -0.869146 -1.16846
88 0.985003 0.857875 -0.812061 -0.911962 -0.812061
89 0.302568 0.158339 0.130225 0.0990876 0.130225
90 0.980003 0.19436 -0.156992 -1.06957 -0.156992
91 0.0153151 0.982285 -0.941272 -0.843591 -0.941272
92 0.738909 0.0765723 0.237209 0.228825 0.237209
93 0.299501 0.722626 -0.19724 0.682859 -0.19724
94 0.00802166 0.32077 -0.874839 -0.844492 -0.874839
95 0.320935 0.1317 0.103657 0.15249 0.103657
96 0.738325 0.0663466 0.255189 0.2415 0.255189
97 0.8416 0.659576 -0.434663 -0.110039 -0.434663
98 0.00206792 0.968141 -0.91519 -0.933794 -0.91519
99 0.465608 0.295196 0.510214 0.512774 0.510214
100 0.306342 0.156715 0.239244 0.108635 0.239244
101 0.838651 0.250691 0.102746 -0.44565 0.102746
102 0.509986 0.970541 -0.621879 -0.162679 -0.621879
103 0.364113 0.457744 -0.721823 0.406587 -0.721823
104 0.00108879 0.590493 -0.227068 -0.208652 -0.227068
105 0.995419 0.667396 -0.615053 -0.73787 -0.615053
106 0.561109 0.866419 0.0993368 0.336727 0.0993368
107 0.132937 0.138249 -0.373443 -0.633837 -0.373443
108 0.797541 0.0417352 0.959042 0.0319642 0.959042
109 0.506204 0.683685 0.553427 0.810738 0.553427
110 0.00765189 0.590749 -0.498533 -0.194972 -0.498533
111 0.31801 0.137991 0.0140771 0.143324 0.0140771
112 0.760198 0.508873 0.622883 -0.641368 0.622883
113 0.235464 0.888384 0.173958 0.472291 0.173958
114 0.526113 0.720989 -0.511738 0.811401 -0.511738
115 0.983278 0.0224001 -1.0187 -0.810896 -1.0187
116 0.536209 0.228399 -0.479654 0.485382 -0.479654
117 0.21906 0.54252 0.332913 0.244091 0.332913
118 0.407123 0.0706297 -1.0435 0.362785 -1.0435
119 0.267707 0.337637 0.222725 0.0583215 0.222725
120 0.20489 0.503707 0.868297 0.210036 0.868297
121 0.279379 0.338548 0.442698 0.0881063 0.442698
122 0.601954 0.0492162 -0.444395 0.434747 -0.444395
123 0.831363 0.653155 -0.149969 -0.0937362 -0.149969
124 0.781584 0.982599 -0.252684 -0.104147 -0.252684
125 0.767812 0.84053 -0.775156 0.410117 -0.775156
126 0.555998 0.432838 -0.0778431 0.438045 -0.0778431
127 0.0182628 0.321914 -0.577294 -0.801554 -0.577294
128 0.911532 0.995701 -1.09433 -0.82258 -1.09433
129 0.00791797 0.320822 -0.0643531 -0.844509 -0.0643531
130 0.237794 0.500399 -0.195987 0.186042 -0.195987
131 0.50516 0.687664 0.103431 0.814156 0.103431
132 0.505022 0.969487 -0.401932 -0.163312 -0.401932
133 0.00840185 0.964984 0.407253 -0.900912 0.407253
134 0.682964 0.289106 -1.16816 0.0816813 -1.16816
135 0.557103 0.439547 0.209452 0.432606 0.209452
136 0.181842 0.00593791 -0.922223 -0.318474 -0.922223
137 0.695082 0.838509 -0.839838 0.502634 -0.839838
138 0.493824 0.243213 0.269791 0.54698 0.269791
139 0.220281 0.535612 -0.214727 0.237231 -0.214727
140 0.553434 0.854539 0.291248 0.383901 0.291248
141 0.0459328 0.562952 0.577966 0.0232455 0.577966
142 0.171569 0.0227317 -0.0628763 -0.381872 -0.0628763
143 0.832991 0.656926 0.22758 -0.0853328 0.22758
144 0.477072 0.2923 0.195542 0.539136 0.195542
145 0.298534 0.723934 0.0249863 0.684434 0.0249863
146 0.727308 0.849899 -0.587332 0.476194 -0.587332
147 0.637889 0.673457 -0.0626445 0.557771 -0.0626445
148 0.91651 0.983475 0.384758 -0.818723 0.384758
149 0.93751 0.537689 -0.828735 -0.662081 -0.828735
150 0.272613 0.740445 0.328787 0.697347 0.328787
151 0.314683 0.303753 -1.10121 0.142373 -1.10121
152 0.00540208 0.584127 -0.736605 -0.160515 -0.736605
153 0.0129813 0.995451 -1.13479 -0.843056 -1.13479
154 0.0346646 0.27996 -0.692033 -0.99665 -0.692033
155 0.776087 0.421265 -0.288883 -0.516102 -0.288883
156 0.712767 0.836952 -0.093738 0.514144 -0.093738
157 0.75729 0.994879 0.430856 -0.0146176 0.430856
158 0.17005 0.821544 -0.310813 0.0738442 -0.310813
159 0.988782 0.426685 0.0605591 -0.859816 0.0605591
160 0.373249 0.476276 -0.981127 0.445136 -0.981127
161 0.322764 0.292512 -0.410814 0.151966 -0.410814
162 0.315634 0.171778 0.087299 0.124514 0.087299
163 0.56075 0.43848 0.3604 0.414599 0.3604
164 0.526047 0.991217 0.369916 -0.237147 0.369916
165 0.297932 0.343046 0.457037 0.138351 0.457037
166 0.00369129 0.999193 -0.572088 -0.889912 -0.572088
167 0.195675 0.0039956 0.715546 -0.241508 0.715546
168 0.763432 0.839991 0.129459 0.437717 0.129459
169 0.0640624 0.728223 -0.295763 -0.620702 -0.295763
170 0.506825 0.254606 -0.0839862 0.550514 -0.0839862
171 0.181504 0.00196523 -0.61265 -0.318642 -0.61265
172 0.740421 0.0809393 0.380196 0.221595 0.380196
173 0.960899 0.437998 -1.26772 -0.800645 -1.26772
174 0.4161 0.0767281 0.0894913 0.381127 0.0894913
175 0.407749 0.0781376 -0.191337 0.362628 -0.191337
176 0.572443 0.442832 0.335192 0.355828 0.335192
177 0.967661 0.866045 0.0714968 -0.828777 0.0714968
178 0.0436046 0.560008 0.952365 0.0338943 0.952365
179 0.740596 0.851958 -0.565286 0.47505 -0.565286
180 0.00517231 0.972618 0.504333 -0.911088 0.504333
181 0.811142 0.0605483 -0.636428 -0.0567773 -0.636428
182 0.981705 0.414426 0.127507 -0.870853 0.127507
183 0.510661 0.989995 -0.44676 -0.250306 -0.44676
184 0.835414 0.64998 0.126346 -0.121848 0.126346
185 0.149112 0.809219 0.213993 -0.0707314 0.213993
186 0.000144246 0.580999 -0.673104 -0.152294 -0.673104
187 0.992124 0.194594 -0.323739 -1.13001 -0.323739
188 0.988144 0.665033 -0.585437 -0.706959 -0.585437
189 0.0328897 0.281801 -1.32944 -0.993387 -1.32944
190 0.205029 0.509118 -0.2333 0.213296 -0.2333
191 0.0110703 0.584338 -0.0672782 -0.149813 -0.0672782
192 0.564393 0.871357 0.650047 0.317471 0.650047
193 0.974393 0.435406 -0.471927 -0.822953 -0.471927
194 0.296827 0.721826 -0.0961546 0.679444 -0.0961546
195 0.600086 0.053669 0.174863 0.434931 0.174863
196 0.981926 0.840658 -1.43875 -0.856998 -1.43875
197 0.00688449 0.327414 -0.767348 -0.804303 -0.767348
198 0.554731 0.219407 -0.243255 0.448272 -0.243255
199 0.172965 0.0173293 1.10879 -0.372005 1.10879
200 0.979495 0.436822 0.646232 -0.827539 0.646232
201 0.00464781 0.602759 0.156584 -0.274216 0.156584
202 0.314385 0.160442 0.247165 0.126042 0.247165
203 0.535684 0.992926 0.0567407 -0.232954 0.0567407
204 0.230919 0.504956 0.174626 0.197349 0.174626
205 0.0711494 0.737608 -0.187911 -0.607793 -0.187911
206 0.133455 0.138385 -0.712566 -0.631139 -0.712566
207 0.0603871 0.738188 -0.091207 -0.68754 -0.091207
208 0.991588 0.652583 -0.775966 -0.721197 -0.775966
209 0.766477 0.415316 -1.14643 -0.485532 -1.14643
210 0.50804 0.970862 0.263728 -0.16628 0.263728
211 0.521221 0.24592 0.629551 0.515445 0.629551
212 0.0869578 0.716916 -0.200566 -0.426076 -0.200566
213 0.955922 0.426205 -0.723562 -0.809226 -0.723562
214 0.789667 0.434381 -0.966249 -0.56483 -0.966249
215 0.00891655 0.976191 -0.175768 -0.885971 -0.175768
216 0.298548 0.342802 -0.0553214 0.13964 -0.0553214
217 0.415182 0.086228 -0.132303 0.377354 -0.132303
218 0.74151 0.0641581 -0.64045 0.239759 -0.64045
219 0.316372 0.159243 0.223694 0.131196 0.223694
220 0.986783 0.837467 -1.1649 -0.878945 -1.1649
221 0.0150534 0.323271 -0.595687 -0.803875 -0.595687
222 0.963511 0.435589 -0.7898 -0.807604 -0.7898
223 0.00711912 0.836258 -0.370789 -1.04789 -0.370789
224 0.526585 0.985503 -0.530794 -0.211056 -0.530794
225 0.29136 0.727729 0.127187 0.68599 0.127187
226 0.565109 0.44027 0.489634 0.39284 0.489634
227 0.00588467 0.32116 -0.454826 -0.849332 -0.454826
228 0.401592 0.51657 -0.169467 0.550042 -0.169467
229 0.0345029 0.561988 0.516328 0.0120509 0.516328
230 0.0157243 0.985618 -1.08022 -0.837929 -1.08022
231 0.526898 0.692927 -0.292777 0.784996 -0.292777
232 0.392919 0.0961988 0.0258895 0.326032 0.0258895
233 0.227105 0.887551 -0.0980114 0.41938 -0.0980114
234 0.590048 0.0443929 0.14148 0.452025 0.14148
235 0.532836 0.229275 -0.242104 0.492441 -0.242104
236 0.688439 0.261092 0.304213 0.119347 0.304213
237 0.82544 0.664616 0.752056 -0.0234765 0.752056
238 0.841181 0.245152 0.0629415 -0.451088 0.0629415
239 0.782312 0.418602 -1.03274 -0.520783 -1.03274
240 0.00711927 0.969199 -0.609469 -0.903721 -0.609469
241 0.51657 0.986143 -0.826165 -0.225793 -0.826165
242 0.986103 0.0129152 -1.24304 -0.808891 -1.24304
243 0.242763 0.958077 0.20415 0.453918 0.20415
244 0.0606655 0.721192 -0.623668 -0.614789 -0.623668
245 0.968644 0.197756 -0.519153 -1.01864 -0.519153
246 0.684373 0.246315 -0.104437 0.152755 -0.104437
247 0.530345 0.684654 -0.238715 0.771774 -0.238715
248 0.515253 0.684651 0.669307 0.796402 0.669307
249 0.0174738 0.975812 -0.934344 -0.837936 -0.934344
250 0.997815 0.850511 -0.587035 -0.971467 -0.587035
251 0.0215001 0.987901 -0.00389968 -0.803526 -0.00389968
252 0.694588 0.272466 -1.04963 0.0820709 -1.04963
253 0.314612 0.140006 -0.187487 0.134681 -0.187487
254 0.510378 0.975502 -0.751947 -0.184792 -0.751947
255 0.559541 0.868424 -0.00765788 0.327374 -0.00765788
256 0.0216328 0.850012 -0.459037 -0.935171 -0.459037
257 0.600853 0.0385048 -0.738873 0.44146 -0.738873
258 0.964264 0.426684 -0.96381 -0.821608 -0.96381
259 0.84623 0.252573 -0.20527 -0.485436 -0.20527
260 0.138484 0.134408 -0.582322 -0.603082 -0.582322
261 0.747638 0.0726649 0.588942 0.221281 0.588942
262 0.321705 0.293566 -0.60345 0.150304 -0.60345
263 0.506902 0.981618 -0.290953 -0.216622 -0.290953
264 0.299685 0.726447 1.18651 0.689678 1.18651
265 0.0075545 0.600672 -0.356975 -0.253949 -0.356975
266 0.910405 0.984337 -0.570522 -0.788635 -0.570522
267 0.574711 0.0852124 -0.322842 0.456075 -0.322842
268 0.0771962 0.71102 0.417614 -0.468214 0.417614
269 0.011598 0.969175 0.145698 -0.878141 0.145698
270 0.550653 0.221417 -0.312245 0.456295 -0.312245
271 0.98774 0.696373 0.276003 -0.702934 0.276003
272 0.681511 0.256809 0.104796 0.143648 0.104796
273 0.305211 0.345351 0.0256689 0.158548 0.0256689
274 0.230417 0.917003 0.490061 0.416214 0.490061
275 0.488657 0.275735 0.323079 0.554697 0.323079
276 0.993627 0.671875 -0.694036 -0.730543 -0.694036
277 0.991435 0.84999 -0.412799 -0.932909 -0.412799
278 0.937373 0.542042 -0.37325 -0.656167 -0.37325
279 0.0476648 0.563119 0.349697 0.0249059 0.349697
280 0.572681 0.422807 0.209015 0.359314 0.209015
281 0.0102695 0.322726 -0.758112 -0.823827 -0.758112
282 0.308228 0.126936 0.403714 0.12527 0.403714
283 0.0202872 0.321636 -0.118247 -0.796325 -0.118247
284 0.997579 0.666139 -0.231891 -0.746882 -0.231891
285 0.00218468 0.99794 -0.548674 -0.89955 -0.548674
286 0.994256 0.666069 -0.793868 -0.732788 -0.793868
287 0.226993 0.528666 -0.865196 0.231239 -0.865196
288 0.0765011 0.728032 0.0529636 -0.534495 0.0529636
289 0.747864 0.862672 -0.260407 0.443874 -0.260407
290 0.323018 0.116043 0.523374 0.163206 0.523374
291 0.968721 0.873228 0.253307 -0.85079 0.253307
292 0.577607 0.443813 0.596887 0.329695 0.596887
293 0.607081 0.058533 0.570295 0.423329 0.570295
294 0.484605 0.290265 0.546905 0.556381 0.546905
295 0.678891 0.532847 -0.846522 -0.133616 -0.846522
296 0.967677 0.868718 0.514148 -0.834787 0.514148
297 0.00631981 0.594438 -0.709557 -0.220057 -0.709557
298 0.0201042 0.273691 -0.324455 -1.10085 -0.324455
299 0.22148 0.529153 0.0600951 0.230327 0.0600951
300 0.768775 0.418206 -0.909921 -0.496574 -0.909921
301 0.00352131 0.990162 -1.16205 -0.900912 -1.16205
302 0.704926 0.846538 -1.09818 0.478453 -1.09818
303 0.402728 0.0858253 -0.0886777 0.350028 -0.0886777
304 0.648237 0.675872 0.217521 0.547124 0.217521
305 0.548967 0.850276 0.646751 0.400363 0.646751
306 0.594555 0.0593159 0.930793 0.439453 0.930793
307 0.998949 0.704122 0.133572 -0.760448 0.133572
308 0.40879 0.078077 -0.330892 0.364914 -0.330892
309 0.549265 0.846522 1.05712 0.416723 1.05712
310 0.557566 0.867372 -0.228525 0.330843 -0.228525
311 0.525411 0.970856 0.968852 -0.147135 0.968852
312 0.00938322 0.974126 0.510463 -0.88553 0.510463
313 0.0270089 0.305962 -0.218378 -0.869902 -0.218378
314 0.537559 0.996917 -0.784222 -0.248176 -0.784222
315 0.399273 0.516924 0.377016 0.545235 0.377016
316 0.4008 0.511539 0.536213 0.543137 0.536213
317 0.762705 0.986148 -0.546639 -0.0155715 -0.546639
318 0.749383 0.533647 -0.243545 -0.486704 -0.243545
319 0.307615 0.728733 0.0572051 0.699264 0.0572051
320 0.0158411 0.310679 0.638252 -0.882243 0.638252
321 0.799921 0.42476 -0.992121 -0.562047 -0.992121
322 0.402943 0.0938048 0.291033 0.348811 0.291033
323 0.96525 0.431262 -1.01389 -0.816391 -1.01389
324 0.294545 0.345718 -0.0534509 0.132566 -0.0534509
325 0.562234 0.865902 0.632186 0.339496 0.632186
326 0.191095 0.0025561 0.282044 -0.266086 0.282044
327 0.144496 0.136898 -0.705575 -0.572121 -0.705575
328 0.910934 0.987096 -0.485135 -0.798232 -0.485135
329 0.263737 0.907116 -0.298832 0.523243 -0.298832
330 0.970941 0.438247 -0.931478 -0.813657 -0.931478
331 0.828464 0.654108 0.17819 -0.0785384 0.17819
332 0.16329 0.827622 -0.452502 0.0250981 -0.452502
333 0.830902 0.649945 -0.190445 -0.104675 -0.190445
334 0.520373 0.251373 -0.0856137 0.517599 -0.0856137
335 0.519368 0.682803 -1.09927 0.788305 -1.09927
336 0.606416 0.057359 -0.0355359 0.424818 -0.0355359
337 0.279203 0.360071 -0.372996 0.10873 -0.372996
338 0.0244345 0.581492 -0.386592 -0.106339 -0.386592
339 0.740725 0.836743 0.292164 0.524406 0.292164
340 0.152141 0.808786 0.253559 -0.0491875 0.253559
341 0.406827 0.818038 0.783012 0.568269 0.783012
342 0.991683 0.0141308 -1.11638 -0.836835 -1.11638
343 0.0372224 0.273929 -0.90688 -1.02115 -0.90688
344 0.970682 0.864878 -0.0620763 -0.843742 -0.0620763
345 0.967316 0.424629 -1.34492 -0.829478 -1.34492
346 0.835623 0.253355 0.721713 -0.4333 0.721713
347 0.0083112 0.311047 -0.570262 -0.907775 -0.570262
348 0.571421 0.873433 0.321721 0.312531 0.321721
349 0.564211 0.418213 0.206447 0.399778 0.206447
350 0.563594 0.430648 0.15551 0.40136 0.15551
351 0.551018 0.853617 0.51974 0.386809 0.51974
352 0.76604 0.998074 -0.769918 -0.0702931 -0.769918
353 0.744207 0.069639 -0.428122 0.229625 -0.428122
354 0.594812 0.0606437 0.469181 0.438494 0.469181
355 0.958559 0.423939 -0.359367 -0.816404 -0.359367
356 0.0333048 0.577451 -0.0117662 -0.0679672 -0.0117662
357 0.504456 0.666105 0.441992 0.806437 0.441992
358 0.239544 0.956556 0.48894 0.436589 0.48894
359 0.321622 0.140215 0.261067 0.150817 0.261067
360 0.837909 0.648351 -0.475775 -0.13761 -0.475775
361 0.784541 0.984255 -0.254598 -0.124783 -0.254598
362 0.171275 0.812041 -0.233839 0.0854575 -0.233839
363 0.68711 0.520243 -1.01688 -0.232737 -1.01688
364 0.562326 0.8726 0.260874 0.311077 0.260874
365 0.160325 0.811281 0.169097 0.00827686 0.169097
366 0.139321 0.138419 -0.800355 -0.600085 -0.800355
367 0.298045 0.73072 0.517618 0.696016 0.517618
368 0.529193 0.732617 -0.0991849 0.820198 -0.0991849
369 0.0366697 0.281298 -1.09701 -0.979805 -1.09701
370 0.692058 0.264763 0.216326 0.103526 0.216326
371 0.264236 0.359848 0.159713 0.0717246 0.159713
372 0.825302 0.669179 0.570148 -0.00414296 0.570148
373 0.750808 0.844327 0.435025 0.49863 0.435025
374 0.312284 0.158518 -0.244169 0.121864 -0.244169
375 0.747912 0.0716597 0.522667 0.222113 0.522667
376 0.72479 0.859574 -0.410864 0.442926 -0.410864
377 0.55676 0.847276 0.888258 0.416468 0.888258
378 0.000841023 0.992307 -1.02914 -0.913313 -1.02914
379 0.983464 0.428933 0.354333 -0.847404 0.354333
380 0.727523 0.847799 0.0646851 0.483244 0.0646851
381 0.637706 0.672278 0.854609 0.55407 0.854609
382 0.290827 0.724725 0.883172 0.680167 0.883172
383 0.0146941 0.969261 0.308504 -0.86035 0.308504
384 0.272599 0.323007 0.286507 0.0560409 0.286507
385 0.838014 0.657089 -0.259878 -0.104858 -0.259878
386 0.303667 0.725722 -0.11209 0.691303 -0.11209
387 0.934417 0.538542 -0.939886 -0.657648 -0.939886
388 0.0113205 0.304305 0.941412 -0.940732 0.941412
389 0.638566 0.677103 0.273608 0.569083 0.273608
390 0.143387 0.205249 0.080036 -0.603037 0.080036
391 0.225185 0.537326 -0.270902 0.241874 -0.270902
392 0.965622 0.86789 0.948945 -0.821047 0.948945
393 0.00337358 0.996134 -0.125428 -0.895062 -0.125428
394 0.765181 0.415074 -1.09443 -0.482623 -1.09443
395 0.0632643 0.737057 -0.40756 -0.662201 -0.40756
396 0.560635 0.880428 0.198379 0.276811 0.198379
397 0.182178 0.00992508 -0.718708 -0.318328 -0.718708
398 0.227808 0.894922 0.285775 0.41794 0.285775
399 0.194274 0.00584685 0.446263 -0.250044 0.446263
400 0.511395 0.688259 -0.328195 0.804743 -0.328195
401 0.293272 0.713505 1.01874 0.66183 1.01874
402 0.739528 0.843431 0.328454 0.502281 0.328454
403 0.209139 0.0260364 0.300814 -0.17772 0.300814
404 0.220947 0.886172 0.345711 0.380893 0.345711
405 0.523165 0.676875 0.305538 0.777007 0.305538
406 0.749181 0.0614779 -0.60507 0.232701 -0.60507
407 0.743006 0.842272 -0.057354 0.507342 -0.057354
408 0.0646896 0.730504 -1.39242 -0.625582 -1.39242
409 0.223683 0.537658 -0.162255 0.241452 -0.162255
410 0.166636 0.0157319 0.168814 -0.406066 0.168814
411 0.210918 0.499961 0.617508 0.203588 0.617508
412 0.406596 0.814062 0.872604 0.581314 0.872604
413 0.0781517 0.719156 -0.551702 -0.491347 -0.551702
414 0.693944 0.842633 -1.17023 0.487779 -1.17023
415 0.398992 0.0902311 0.20949 0.340839 0.20949
416 0.176843 0.0333326 -0.517696 -0.357428 -0.517696
417 0.738694 0.849731 0.653118 0.481478 0.653118
418 0.983919 0.680612 -0.695832 -0.686531 -0.695832
419 0.310986 0.72582 0.773043 0.696785 0.773043
420 0.516285 0.963503 -0.0509285 -0.124014 -0.0509285
421 0.977324 0.0232509 -0.830034 -0.784426 -0.830034
422 0.988795 0.422993 -0.116581 -0.866998 -0.116581
423 0.97144 0.864345 0.384235 -0.846974 0.384235
424 0.752484 0.535557 -0.198787 -0.480873 -0.198787
425 0.00640483 0.599961 -0.940241 -0.252763 -0.940241
426 0.582349 0.42605 0.194881 0.312514 0.194881
427 0.192436 0.0250579 0.337844 -0.268651 0.337844
428 0.748361 0.515643 -0.829966 -0.588539 -0.829966
429 0.840394 0.25203 -0.866987 -0.455747 -0.866987
430 0.978885 0.00558925 -1.60068 -0.763614 -1.60068
431 0.291865 0.345529 0.101081 0.125764 0.101081
432 0.568484 0.416861 0.716168 0.380141 0.716168
433 0.0121064 0.308763 1.40176 -0.908613 1.40176
434 0.419018 0.824293 0.10107 0.541551 0.10107
435 0.530436 0.232997 0.0341349 0.496998 0.0341349
436 0.424021 0.796996 -0.380048 0.634679 -0.380048
437 0.00925381 0.323855 -0.192331 -0.819877 -0.192331
438 0.987562 0.840127 -0.83267 -0.889217 -0.83267
439 0.600022 0.0801775 -0.358745 0.421973 -0.358745
440 0.0116999 0.999559 -0.474089 -0.845801 -0.474089
441 0.315808 0.140915 0.382005 0.137088 0.382005
442 0.214451 0.480913 -1.04309 0.166396 -1.04309
443 0.515984 0.692948 -0.165092 0.800774 -0.165092
444 0.633417 0.674234 0.724606 0.568799 0.724606
445 0.558578 0.431466 0.657614 0.42555 0.657614
446 0.294858 0.730437 0.688775 0.693311 0.688775
447 0.973124 0.196567 -0.79266 -1.03898 -0.79266
448 0.807832 0.0393777 -0.279692 -0.0133548 -0.279692
449 0.282225 0.335253 0.591362 0.0919304 0.591362
450 0.983283 0.846055 -1.18741 -0.876592 -1.18741
451 0.743152 0.526368 0.0210105 -0.497586 0.0210105
452 0.565296 0.424223 0.168647 0.393963 0.168647
453 0.405254 0.818191 0.206165 0.568451 0.206165
454 0.0190972 0.580356 -0.245974 -0.110812 -0.245974
455 0.0124333 0.32184 -0.999304 -0.82217 -0.999304
456 0.00495225 0.329009 -0.851628 -0.800054 -0.851628
457 0.54666 0.845862 0.495097 0.418551 0.495097
458 0.0108028 0.857529 -0.412176 -1.00024 -0.412176
459 0.211423 0.498709 0.369816 0.200871 0.369816
460 0.832114 0.654534 0.0750509 -0.0912397 0.0750509
461 0.134685 0.140182 -0.473817 -0.625263 -0.473817
462 0.228347 0.514227 0.667688 0.211553 0.667688
463 0.634343 0.663655 0.212695 0.531562 0.212695
464 0.354944 0.46766 0.0892207 0.393865 0.0892207
465 0.595235 0.0585173 0.264493 0.43893 0.264493
466 0.405521 0.509213 0.303353 0.551541 0.303353
467 0.839393 0.244902 -0.477573 -0.441739 -0.477573
468 0.000537932 0.987756 -0.799668 -0.920178 -0.799668
469 0.529718 0.73277 0.0751387 0.820062 0.0751387
470 0.54866 0.852077 0.780643 0.392443 0.780643
471 0.28157 0.763556 0.874326 0.701169 0.874326
472 0.000855637 0.326304 -0.639506 -0.831883 -0.639506
473 0.916351 0.982958 -1.37536 -0.816619 -1.37536
474 0.280686 0.335748 -0.158686 0.0886012 -0.158686
475 0.117105 0.216617 0.510975 -0.743203 0.510975
476 0.838581 0.654619 0.345763 -0.116466 0.345763
477 0.967237 0.868743 -0.00713214 -0.832292 -0.00713214
478 0.754603 0.857254 -0.148279 0.435301 -0.148279
479 0.281238 0.351312 -0.192206 0.105175 -0.192206
480 0.0106055 0.329106 -0.431907 -0.780826 -0.431907
481 0.524169 0.251691 0.530614 0.509164 0.530614
482 0.409874 0.0783533 -0.166993 0.367226 -0.166993
483 0.0788939 0.715419 0.589417 -0.473168 0.589417
484 0.0190456 0.996759 -0.0154113 -0.808464 -0.0154113
485 0.606359 0.047317 0.196567 0.43014 0.196567
486 0.297251 0.710231 1.05457 0.659289 1.05457
487 0.846724 0.667934 -0.348899 -0.101017 -0.348899
488 0.139876 0.140624 0.0195101 -0.597945 0.0195101
489 0.741764 0.073809 0.366531 0.228068 0.366531
490 0.188386 0.00632551 0.731724 -0.282645 0.731724
491 0.780033 0.977612 0.440477 -0.0807317 0.440477
492 0.0632225 0.7368 0.0980977 -0.661455 0.0980977
493 0.996921 0.727777 0.240382 -0.753579 0.240382
494 0.662458 0.685851 0.503309 0.560937 0.503309
495 0.600165 0.0503614 0.381222 0.436458 0.381222
496 0.999645 0.189426 0.186251 -1.15887 0.186251
497 0.0792287 0.720089 0.442165 -0.487578 0.442165
498 0.611391 0.0563986 0.688846 0.418821 0.688846
499 0.843662 0.659362 0.294443 -0.119224 0.294443
500 0.0655997 0.728009 -0.430825 -0.609279 -0.430825
501 0.988819 0.680528 -0.416612 -0.709067 -0.416612
502 0.833838 0.678609 -1.02915 -0.00421409 -1.02915
503 0.978189 0.209442 -0.967249 -1.08457 -0.967249
504 0.691744 0.265424 0.59309 0.103015 0.59309
505 0.0390647 0.279175 -0.160553 -0.981798 -0.160553
506 0.739942 0.536126 -0.332953 -0.42469 -0.332953
507 0.971198 0.856849 -1.09641 -0.829097 -1.09641
508 0.0110344 0.32457 -0.817235 -0.809122 -0.817235
509 0.398336 0.82053 -0.704897 0.5641 -0.704897
510 0.068172 0.729296 -0.657359 -0.596649 -0.657359
511 0.0145797 0.316508 -1.21611 -0.849232 -1.21611
512 0.398208 0.49816 -0.484973 0.523632 -0.484973
513 0.0119099 0.994611 -0.253183 -0.849817 -0.253183
514 0.50426 0.972557 0.498849 -0.178202 0.498849
515 0.53845 0.991572 0.304181 -0.223626 0.304181
516 0.0194968 0.996413 -0.959469 -0.80633 -0.959469
517 0.197995 0.00750369 -1.10634 -0.230322 -1.10634
518 0.983326 0.571264 -0.617383 -0.703903 -0.617383
519 0.780884 0.422484 -0.806633 -0.526731 -0.806633
520 0.847231 0.255189 -0.309569 -0.492671 -0.309569
521 0.530689 0.228332 0.985781 0.497185 0.985781
522 0.228235 0.543289 -0.134545 0.251825 -0.134545
523 0.140281 0.143897 -0.494601 -0.596984 -0.494601
524 0.0342097 0.281526 -1.22586 -0.98925 -1.22586
525 0.218163 0.504277 0.25758 0.203227 0.25758
526 0.00821494 0.321357 -1.19939 -0.839942 -1.19939
527 0.535058 0.451618 -0.410985 0.545544 -0.410985
528 0.955131 0.418615 0.0925748 -0.817666 0.0925748
529 0.0494634 0.318239 0.238014 -0.71459 0.238014
530 0.736391 0.55167 -0.673711 -0.318762 -0.673711
531 0.710428 0.858523 -1.1066 0.439749 -1.1066
532 0.137356 0.2094 0.281016 -0.635832 0.281016
533 0.742832 0.844719 0.486672 0.499375 0.486672
534 0.153823 0.821351 -0.0216793 -0.0394317 -0.0216793
535 0.92244 0.988587 -1.35119 -0.862354 -1.35119
536 0.5736 0.442886 0.184188 0.350028 0.184188
537 0.91988 0.99715 -1.27626 -0.86969 -1.27626
538 0.688222 0.846063 -0.131014 0.473501 -0.131014
539 0.010269 0.846727 -0.868414 -1.01522 -0.868414
540 0.736118 0.531123 0.0801378 -0.433903 0.0801378
541 0.983755 0.568932 0.120987 -0.705116 0.120987
542 0.741219 0.532354 -0.696036 -0.452884 -0.696036
543 0.578701 0.441632 -0.450771 0.324903 -0.450771
544 0.0170028 0.576312 -0.214909 -0.0922752 -0.214909
545 0.0331814 0.574002 -0.613407 -0.0507028 -0.613407
546 0.994012 0.844773 -1.31729 -0.937123 -1.31729
547 0.395533 0.522429 0.5301 0.542734 0.5301
548 0.847325 0.24912 -0.0190355 -0.487502 -0.0190355
549 0.536442 0.452146 -0.026323 0.538599 -0.026323
550 0.8071 0.0394063 -0.398596 -0.00995372 -0.398596
551 0.48431 0.3007 0.718036 0.564194 0.718036
552 0.601761 0.0469065 0.194929 0.436148 0.194929
553 0.00684257 0.313526 -0.784823 -0.896746 -0.784823
554 0.967842 0.196746 -0.0631597 -1.01307 -0.0631597
555 0.257674 0.912865 0.00735603 0.527268 0.00735603
556 0.281252 0.335387 0.28466 0.0896505 0.28466
557 0.278675 0.341353 -1.10859 0.089109 -1.10859
558 0.742556 0.0613913 0.582504 0.241618 0.582504
559 0.569857 0.416714 0.109904 0.373809 0.109904
560 0.0173618 0.330001 -0.561473 -0.752889 -0.561473
561 0.73985 0.0755638 0.458859 0.228681 0.458859
562 0.277805 0.356591 0.391363 0.101885 0.391363
563 0.00205336 0.992665 -0.437887 -0.906218 -0.437887
564 0.739454 0.0572982 -0.233329 0.250513 -0.233329
565 0.409062 0.819326 -0.128335 0.563073 -0.128335
566 0.133962 0.201057 -0.80917 -0.6505 -0.80917
567 0.512487 0.68578 0.841685 0.801584 0.841685
568 0.686245 0.261635 -0.0736697 0.1236 -0.0736697
569 0.300479 0.721317 0.91445 0.681312 0.91445
570 0.696979 0.257146 -0.623012 0.106804 -0.623012
571 0.524353 0.97499 0.284713 -0.166758 0.284713
572 0.817018 0.685081 0.742797 0.100222 0.742797
573 0.633921 0.672685 0.645859 0.562673 0.645859
574 0.295748 0.721614 0.521202 0.678253 0.521202
575 0.565531 0.425314 -0.147809 0.392707 -0.147809
576 0.00595744 0.326333 -0.879391 -0.814587 -0.879391
577 0.510261 0.967978 -0.419689 -0.150732 -0.419689
578 0.586798 0.0446597 -0.269423 0.455968 -0.269423
579 0.000801872 0.313136 -0.917776 -0.921426 -0.917776
580 0.0321295 0.284891 -0.855865 -0.977994 -0.855865
581 0.670029 0.273676 0.356475 0.143031 0.356475
582 0.747619 0.527987 -0.650816 -0.511326 -0.650816
583 0.98251 0.0064275 -0.728501 -0.781794 -0.728501
584 0.97088 0.833144 -0.210271 -0.775135 -0.210271
585 0.833388 0.258004 -0.709678 -0.427411 -0.709678
586 0.0143103 0.850997 -1.13558 -0.983507 -1.13558
587 0.512816 0.975545 -0.767655 -0.182237 -0.767655
588 0.59466 0.043156 -0.0129554 0.446846 -0.0129554
589 0.842685 0.241558 0.486749 -0.453753 0.486749
590 0.69597 0.254241 -0.564781 0.114979 -0.564781
591 0.484675 0.285346 -0.0687554 0.552526 -0.0687554
592 0.834494 0.249754 -0.696594 -0.423635 -0.696594
593 0.988738 0.679147 -0.542466 -0.708763 -0.542466
594 0.372523 0.478526 -0.726407 0.445455 -0.726407
595 0.306116 0.155998 0.28312 0.108401 0.28312
596 0.0846572 0.731284 -0.219199 -0.48943 -0.219199
597 0.146319 0.807343 -0.485218 -0.0903261 -0.485218
598 0.25602 0.337269 0.102587 0.0290276 0.102587
599 0.998275 0.199112 0.0558588 -1.16782 0.0558588
600 0.522651 0.737589 -0.767761 0.827842 -0.767761
601 0.981442 0.42903 0.110394 -0.844168 0.110394
602 0.785603 0.979501 -0.41015 -0.115989 -0.41015
603 0.213352 0.544999 -0.0420366 0.242155 -0.0420366
604 0.786272 0.416893 -0.407697 -0.524068 -0.407697
605 0.695225 0.825754 -0.444987 0.547299 -0.444987
606 0.300284 0.715535 0.291467 0.67108 0.291467
607 0.18555 0.00314149 -1.1643 -0.296868 -1.1643
608 0.78465 0.425389 0.335909 -0.538983 0.335909
609 0.131881 0.813321 -0.700752 -0.192803 -0.700752
610 0.00993592 0.848058 0.15577 -1.01606 0.15577
611 0.141488 0.79234 0.627876 -0.123635 0.627876
612 0.0234663 0.844343 -1.05205 -0.92817 -1.05205
613 0.302582 0.342534 -0.0343244 0.149351 -0.0343244
614 0.269352 0.337444 -0.602832 0.0622032 -0.602832
615 0.570054 0.431979 -0.543378 0.369909 -0.543378
616 0.215351 0.532104 0.514681 0.231413 0.514681
617 0.728869 0.837103 -0.322496 0.519164 -0.322496
618 0.74584 0.0707913 -0.679148 0.22601 -0.679148
619 0.390399 0.491024 0.441159 0.498906 0.441159
620 0.736495 0.0527606 -0.0163642 0.259611 -0.0163642
621 0.266078 0.35532 -0.0969096 0.0717745 -0.0969096
622 0.1578 0.814442 -0.209439 -0.0102307 -0.209439
623 0.985291 0.664677 -0.399234 -0.69499 -0.399234
624 0.956678 0.432172 -0.615703 -0.802619 -0.615703
625 0.725355 0.84322 0.41809 0.497605 0.41809
626 0.301177 0.121928 0.854975 0.111276 0.854975
627 0.0173361 0.318797 -0.163713 -0.82471 -0.163713
628 0.0414392 0.286356 -0.80802 -0.929285 -0.80802
629 0.647724 0.672343 0.660294 0.535145 0.660294
630 0.605344 0.0598058 0.689649 0.424957 0.689649
631 0.514276 0.975004 -0.166838 -0.178146 -0.166838
632 0.303979 0.174849 -0.140071 0.0954933 -0.140071
633 0.743944 0.0659533 -0.807088 0.234359 -0.807088
634 0.534885 0.23369 0.118903 0.487271 0.118903
635 0.139884 0.126625 -0.579953 -0.592847 -0.579953
636 0.315449 0.159137 0.656132 0.129064 0.656132
637 0.730432 0.515209 0.148711 -0.492926 0.148711
638 0.241962 0.934143 -0.702041 0.471476 -0.702041
639 0.987746 0.038763 0.0427453 -0.85805 0.0427453
640 0.0378722 0.292211 -0.944407 -0.909853 -0.944407
641 0.681489 0.257966 -0.428116 0.141625 -0.428116
642 0.965679 0.440851 -0.623848 -0.802794 -0.623848
643 0.228697 0.488427 -0.639998 0.174247 -0.639998
644 0.228262 0.544664 0.367388 0.25375 0.367388
645 0.403738 0.517495 0.578877 0.555754 0.578877
646 0.015359 0.987718 -1.11524 -0.837837 -1.11524
647 0.748604 0.0867482 -0.726391 0.202915 -0.726391
648 0.211693 0.500194 1.0661 0.203298 1.0661
649 0.693797 0.284938 -1.2423 0.0595447 -1.2423
650 0.550961 0.848031 0.207104 0.410883 0.207104
651 0.842568 0.239194 0.159088 -0.449928 0.159088
652 0.79791 0.993528 -0.448559 -0.222845 -0.448559
653 0.262294 0.337881 0.076265 0.0451668 0.076265
654 0.132539 0.204563 0.279443 -0.659123 0.279443
655 0.638621 0.675047 0.215358 0.561883 0.215358
656 0.411615 0.485498 0.278814 0.544058 0.278814
657 0.531867 0.987741 -0.153595 -0.214701 -0.153595
658 0.567451 0.861394 -0.899514 0.361165 -0.899514
659 0.74295 0.837066 0.357058 0.524122 0.357058
660 0.984751 0.68054 -0.455529 -0.690369 -0.455529
661 0.404552 0.504252 0.152258 0.544397 0.152258
662 0.852897 0.251499 -0.537645 -0.517946 -0.537645
663 0.0235212 0.454567 0.323298 0.0468927 0.323298
664 0.399248 0.824385 0.109638 0.551535 0.109638
665 0.300554 0.720122 -0.0489357 0.679287 -0.0489357
666 0.227185 0.544254 0.404968 0.252338 0.404968
667 0.481803 0.298619 -0.0858644 0.556206 -0.0858644
668 0.533073 0.697083 0.111051 0.780477 0.111051
669 0.00787969 0.322582 -0.511819 -0.83299 -0.511819
670 0.200323 0.0210459 0.59079 -0.223674 0.59079
671 0.537174 0.851711 0.586209 0.38913 0.586209
672 0.923755 0.994514 0.674412 -0.883541 0.674412
673 0.535177 0.995653 0.492738 -0.245583 0.492738
674 0.630999 0.673118 0.766405 0.569656 0.766405
675 0.972617 0.0189808 -0.815598 -0.755677 -0.815598
676 0.399749 0.818906 1.01824 0.568569 1.01824
677 0.23963 0.958887 0.366755 0.434968 0.366755
678 0.306599 0.167925 -0.00708535 0.104607 -0.00708535
679 0.162131 0.817391 0.0420063 0.0195581 0.0420063
680 0.733064 0.853998 0.61953 0.46513 0.61953
681 0.831765 0.256192 -0.549376 -0.417374 -0.549376
682 0.0154914 0.858828 -0.752896 -0.967628 -0.752896
683 0.34925 0.466361 -0.449626 0.379144 -0.449626
684 0.736375 0.840009 0.468946 0.512257 0.468946
685 0.00341724 0.3088 -0.803465 -0.941025 -0.803465
686 0.397593 0.0914189 0.35335 0.337483 0.35335
687 0.951406 0.425435 -0.872221 -0.80307 -0.872221
688 0.571273 0.438524 0.119535 0.362601 0.119535
689 0.396761 0.506129 -0.248177 0.528301 -0.248177
690 0.243348 0.959182 -0.428062 0.456276 -0.428062
691 0.976955 0.203578 0.523037 -1.06911 0.523037
692 0.311441 0.724803 0.602018 0.695422 0.602018
693 0.282453 0.332004 0.664566 0.0893238 0.664566
694 0.913071 0.996102 -0.0314533 -0.831601 -0.0314533
695 0.922814 0.994715 -1.05253 -0.879112 -1.05253
696 0.261557 0.344098 -0.174854 0.0495108 -0.174854
697 0.988607 0.181322 0.0703426 -1.09125 0.0703426
698 0.415214 0.825039 -0.92387 0.541007 -0.92387
699 0.0192222 0.980687 0.0201141 -0.823259 0.0201141
700 0.327008 0.302634 -0.879502 0.17215 -0.879502
701 0.842915 0.64687 -0.281354 -0.162054 -0.281354
702 0.92014 0.999797 -0.233967 -0.877466 -0.233967
703 0.674513 0.288577 -0.573232 0.106244 -0.573232
704 0.997139 0.660356 -0.482858 -0.744092 -0.482858
705 0.193077 0.0407724 -0.658506 -0.272115 -0.658506
706 0.00956012 0.290123 0.078489 -1.04089 0.078489
707 0.410661 0.078922 -0.450598 0.368835 -0.450598
708 0.841399 0.660872 -0.471012 -0.104407 -0.471012
709 0.201146 0.023901 0.361865 -0.220469 0.361865
710 0.84278 0.253973 -0.836458 -0.469522 -0.836458
711 0.0653773 0.730759 -0.522907 -0.621825 -0.522907
712 0.98404 0.0274788 -0.830419 -0.822584 -0.830419
713 0.60385 0.0449782 0.899544 0.4345 0.899544
714 0.134768 0.13769 -0.594157 -0.623942 -0.594157
715 0.0108453 0.313068 -1.1224 -0.885143 -1.1224
716 0.542579 0.984618 -0.637189 -0.188265 -0.637189
717 0.743158 0.0761433 -0.146501 0.223369 -0.146501
718 0.190088 0.0355819 0.398167 -0.286116 0.398167
719 0.131806 0.133068 -0.137333 -0.638021 -0.137333
720 0.4462 0.816675 -0.815456 0.556583 -0.815456
721 0.220526 0.504191 0.237879 0.201856 0.237879
722 0.157544 0.790265 0.551973 -0.00707903 0.551973
723 0.561151 0.424624 0.384236 0.413566 0.384236
724 0.916394 0.99265 0.258315 -0.840517 0.258315
725 0.229405 0.891381 0.101855 0.430999 0.101855
726 0.225974 0.524702 -0.551712 0.225774 -0.551712
727 0.544874 0.849068 0.0521661 0.403907 0.0521661
728 0.422957 0.804642 0.388322 0.608118 0.388322
729 0.42578 0.831833 -1.18201 0.511407 -1.18201
730 0.994627 0.660217 -0.574486 -0.733793 -0.574486
731 0.227967 0.500062 -0.369452 0.19214 -0.369452
732 0.293362 0.347501 0.464983 0.131369 0.464983
733 0.145098 0.132891 -0.602796 -0.56745 -0.602796
734 0.29672 0.34429 0.662301 0.136558 0.662301
735 0.560936 0.879363 -0.71262 0.281525 -0.71262
736 0.936591 0.544952 -0.281208 -0.651349 -0.281208
737 0.84665 0.238121 0.473779 -0.468981 0.473779
738 0.992364 0.843191 -1.01726 -0.924074 -1.01726
739 0.627803 0.674789 0.136819 0.581068 0.136819
740 0.317739 0.142093 -0.0863696 0.141101 -0.0863696
741 0.517297 0.692849 -0.0528227 0.798808 -0.0528227
742 0.194196 0.00280694 -0.224106 -0.24912 -0.224106
743 0.421252 0.0758741 -0.805695 0.392512 -0.805695
744 0.478224 0.290892 0.0887575 0.540868 0.0887575
745 0.324774 0.305592 -0.924108 0.169351 -0.924108
746 0.225189 0.882696 0.538187 0.410891 0.538187
747 0.981095 0.0205088 -0.813757 -0.797677 -0.813757
748 0.53083 0.225667 0.103568 0.497304 0.103568
749 0.979886 0.0253068 -0.365761 -0.799676 -0.365761
750 0.942165 0.538628 -0.158789 -0.665824 -0.158789
751 0.834862 0.65328 -0.402907 -0.106952 -0.402907
752 0.48629 0.2673 0.0358496 0.541824 0.0358496
753 0.596254 0.0495749 0.60563 0.441825 0.60563
754 0.227012 0.889448 0.461031 0.417267 0.461031
755 0.0103976 0.315018 -0.325416 -0.873983 -0.325416
756 0.805738 0.427479 -0.592399 -0.575885 -0.592399
757 0.00672021 0.987714 -1.20456 -0.885861 -1.20456
758 0.0053187 0.313377 -0.91602 -0.903301 -0.91602
759 0.257853 0.907046 0.17122 0.533407 0.17122
760 0.561399 0.423768 0.584203 0.412452 0.584203
761 0.791852 0.416045 0.132418 -0.532191 0.132418
762 0.521527 0.242949 0.864658 0.515101 0.864658
763 0.26116 0.354607 0.252009 0.0589614 0.252009
764 0.231291 0.91409 0.953379 0.424036 0.953379
765 0.986788 0.43439 0.523464 -0.842066 0.523464
766 0.567919 0.870474 -0.131283 0.323089 -0.131283
767 0.566891 0.415317 0.725017 0.38775 0.725017
768 0.744436 0.525348 0.330041 -0.510267 0.330041
769 0.0644115 0.725292 -0.437538 -0.606466 -0.437538
770 0.977213 0.435061 -0.418854 -0.827453 -0.418854
771 0.19549 0.00109158 -0.477511 -0.241227 -0.477511
772 0.224906 0.885288 0.474747 0.407037 0.474747
773 0.237922 0.892173 0.325549 0.484661 0.325549
774 0.983683 0.442105 -0.158198 -0.823511 -0.158198
775 0.010718 0.310891 0.47973 -0.899878 0.47973
776 0.529247 0.685715 0.679307 0.774596 0.679307
777 0.960153 0.426371 0.0252591 -0.815632 0.0252591
778 0.422302 0.823085 -0.0384088 0.54405 -0.0384088
779 0.0147175 0.443927 -0.944196 -0.0251735 -0.944196
780 0.516181 0.683954 1.00101 0.794417 1.00101
781 0.947944 0.427038 -0.927092 -0.795771 -0.927092
782 0.561623 0.868778 0.774158 0.32695 0.774158
783 0.397909 0.501249 0.623266 0.525862 0.623266
784 0.145388 0.802144 -0.0788989 -0.0964178 -0.0788989
785 0.017123 0.573972 -0.289442 -0.078941 -0.289442
786 0.557439 0.873873 0.597862 0.30297 0.597862
787 0.985233 0.0398722 0.407852 -0.84802 0.407852
788 0.00736716 0.57083 0.0814433 -0.0775702 0.0814433
789 0.300302 0.146411 -0.907338 0.0988447 -0.907338
790 0.557581 0.441752 -0.230201 0.430199 -0.230201
791 0.734633 0.0592014 -0.345534 0.254658 -0.345534
792 0.793454 0.419527 0.153749 -0.541695 0.153749
793 0.0107947 0.849112 -1.19528 -1.00915 -1.19528
794 0.225117 0.51985 -0.177663 0.219437 -0.177663
795 0.556207 0.417203 0.711645 0.436993 0.711645
796 0.74699 0.0734946 -0.221933 0.22118 -0.221933
797 0.966779 0.838564 -0.0358275 -0.762747 -0.0358275
798 0.559065 0.417921 0.134799 0.423716 0.134799
799 0.999754 0.848192 -0.883171 -0.97806 -0.883171
800 0.79823 0.993415 0.536467 -0.224182 0.536467
801 0.983328 0.583935 -0.97461 -0.701579 -0.97461
802 0.0102253 0.320975 -1.00844 -0.835481 -1.00844
803 0.975889 0.0220896 -0.58688 -0.775877 -0.58688
804 0.417909 0.0785547 -1.0333 0.384742 -1.0333
805 0.962808 0.430259 -0.60453 -0.814237 -0.60453
806 0.395869 0.0880019 -0.134245 0.334445 -0.134245
807 0.739646 0.0583743 -0.738066 0.249007 -0.738066
808 0.304837 0.722135 -0.121173 0.686016 -0.121173
809 0.83577 0.659031 0.22084 -0.0883724 0.22084
810 0.288181 0.345626 0.458819 0.116763 0.458819
811 0.771887 0.434492 0.624727 -0.540083 0.624727
812 0.792843 0.0326502 0.709637 0.0657488 0.709637
813 0.264993 0.338967 0.266718 0.0529196 0.266718
814 0.0127836 0.324809 -0.489706 -0.801637 -0.489706
815 0.982839 0.573125 -0.637903 -0.702623 -0.637903
816 0.71188 0.838666 0.104422 0.508006 0.104422
817 0.0201832 0.316556 -0.0668849 -0.828871 -0.0668849
818 0.51022 0.681589 -0.205235 0.802964 -0.205235
819 0.291899 0.344183 -0.174499 0.124545 -0.174499
820 0.196215 0.00418653 -1.22674 -0.238624 -1.22674
821 0.564864 0.430503 0.115714 0.395243 0.115714
822 0.983437 0.431548 -0.105666 -0.842566 -0.105666
823 0.97059 0.208864 -0.570572 -1.04582 -0.570572
824 0.241914 0.954995 0.221009 0.451842 0.221009
825 0.39985 0.488774 -0.34317 0.519184 -0.34317
826 0.216892 0.506632 0.457134 0.20629 0.457134
827 0.231164 0.947976 -0.170659 0.394936 -0.170659
828 0.807993 0.992601 -0.954615 -0.272876 -0.954615
829 0.136944 0.136917 -0.709976 -0.612138 -0.709976
830 0.848098 0.245107 1.23754 -0.485879 1.23754
831 0.00925669 0.996812 0.539024 -0.862062 0.539024
832 0.0146234 0.971799 -0.775274 -0.858165 -0.775274
833 0.598408 0.0789913 0.074254 0.424841 0.074254
834 0.914885 0.993544 -0.278102 -0.834808 -0.278102
835 0.995468 0.686379 -0.414182 -0.740317 -0.414182
836 0.712072 0.850633 -0.454345 0.467357 -0.454345
837 0.264611 0.335108 -0.00830459 0.0481557 -0.00830459
838 0.912687 0.992816 -0.489701 -0.821516 -0.489701
839 0.972061 0.207794 -1.04299 -1.05145 -1.04299
840 0.0554678 0.544565 0.68507 0.116329 0.68507
841 0.67927 0.25184 0.248079 0.157636 0.248079
842 0.961028 0.430771 -0.85694 -0.810876 -0.85694
843 0.252582 0.921122 -0.0906577 0.527878 -0.0906577
844 0.676276 0.528595 -0.408067 -0.138663 -0.408067
845 0.835661 0.25771 -0.543257 -0.438202 -0.543257
846 0.0381411 0.566582 0.538467 -0.00550697 0.538467
847 0.992978 0.715644 0.0334037 -0.73015 0.0334037
848 0.515534 0.685434 0.853936 0.79646 0.853936
849 0.535064 0.847888 0.425787 0.40507 0.425787
850 0.0346781 0.289615 -0.624939 -0.938658 -0.624939
851 0.318071 0.143842 -0.0962293 0.141189 -0.0962293
852 0.844842 0.66048 -0.499507 -0.119974 -0.499507
853 0.192643 0.0189381 -0.232349 -0.26481 -0.232349
854 0.148382 0.161756 -0.145668 -0.560832 -0.145668
855 0.0150956 0.996999 0.428443 -0.82987 0.428443
856 0.292785 0.350012 -0.348916 0.132377 -0.348916
857 0.25408 0.483251 0.504926 0.169923 0.504926
858 0.211634 0.507387 0.935306 0.209346 0.935306
859 0.17977 0.0245068 -0.29691 -0.337724 -0.29691
860 0.63812 0.68007 -0.0583185 0.580101 -0.0583185
861 0.833701 0.654151 0.458654 -0.0990073 0.458654
862 0.985558 0.438668 -0.34977 -0.83231 -0.34977
863 0.138239 0.204115 -0.676878 -0.629362 -0.676878
864 0.746457 0.525009 -0.227478 -0.522867 -0.227478
865 0.315147 0.143265 -0.140082 0.134629 -0.140082
866 0.0259578 0.988883 0.11615 -0.777847 0.11615
867 0.053593 0.306654 0.365823 -0.764403 0.365823
868 0.821377 0.657711 0.0393837 -0.0354581 0.0393837
869 0.140385 0.157632 0.328227 -0.601399 0.328227
870 0.00593428 0.577186 -0.481355 -0.117925 -0.481355
871 0.983193 0.84384 -0.8384 -0.871315 -0.8384
872 0.244235 0.890556 -0.0439354 0.526458 -0.0439354
873 0.184615 0.0139395 -0.23717 -0.306661 -0.23717
874 0.584817 0.0470714 -0.255438 0.457433 -0.255438
875 0.299791 0.719394 1.03375 0.677429 1.03375
876 0.512478 0.97435 0.0887745 -0.177203 0.0887745
877 0.835845 0.654318 -0.31405 -0.106811 -0.31405
878 0.0683751 0.30555 0.203317 -0.713877 0.203317
879 0.295804 0.345072 0.368599 0.135049 0.368599
880 0.95502 0.430368 -0.888772 -0.80251 -0.888772
881 0.00282172 0.995441 -0.421875 -0.898867 -0.421875
882 0.211327 0.541513 -0.324919 0.23764 -0.324919
883 0.985369 0.675355 -0.739327 -0.693901 -0.739327
884 0.397241 0.0944074 0.351539 0.336036 0.351539
885 0.214965 0.516739 0.374692 0.216736 0.374692
886 0.231541 0.889052 0.937093 0.446583 0.937093
887 0.913203 0.985106 -1.02106 -0.805279 -1.02106
888 0.294768 0.724512 0.240284 0.68268 0.240284
889 0.779003 0.430908 -0.647176 -0.542187 -0.647176
890 0.985585 0.66968 -0.768857 -0.695588 -0.768857
891 0.780435 0.983601 -0.390059 -0.101139 -0.390059
892 0.420557 0.820394 0.0421337 0.55423 0.0421337
893 0.961878 0.426665 -0.231313 -0.817916 -0.231313
894 0.144287 0.815031 -0.289883 -0.105462 -0.289883
895 0.218206 0.540891 0.516821 0.241755 0.516821
896 0.400835 0.0939259 0.220027 0.344111 0.220027
897 0.406725 0.504386 -0.790833 0.549566 -0.790833
898 0.537992 0.446907 -0.564611 0.529258 -0.564611
899 0.980931 0.573158 -0.906452 -0.698936 -0.906452
900 0.978972 0.574992 -0.395672 -0.694623 -0.395672
901 0.988473 0.707749 0.156368 -0.705955 0.156368
902 0.958234 0.422476 -0.40215 -0.817834 -0.40215
903 0.511407 0.680435 0.677665 0.800289 0.677665
904 0.294873 0.735072 0.923568 0.701584 0.923568
905 0.304982 0.722197 0.261118 0.686232 0.261118
906 0.571839 0.44396 0.367992 0.358601 0.367992
907 0.0283907 0.291248 0.542137 -0.95505 0.542137
908 0.962267 0.423368 -1.56468 -0.823193 -1.56468
909 0.0755173 0.723095 -0.551546 -0.523126 -0.551546
910 0.983589 0.0307168 -0.155702 -0.825649 -0.155702
911 0.404287 0.515258 -0.354365 0.554746 -0.354365
912 0.39183 0.822571 0.233557 0.560916 0.233557
913 0.696732 0.267911 -0.885533 0.0857378 -0.885533
914 0.427886 0.824695 -1.05537 0.535513 -1.05537
915 0.259242 0.923322 0.160795 0.512631 0.160795
916 0.801458 0.0550122 -0.872781 -0.00372601 -0.872781
917 0.143817 0.803403 -0.615513 -0.107757 -0.615513
918 0.223949 0.534597 0.321682 0.237796 0.321682
919 0.0174867 0.32358 0.215321 -0.793575 0.215321
920 0.990195 0.435262 -0.358999 -0.845142 -0.358999
921 0.786735 0.979983 -0.363008 -0.123437 -0.363008
922 0.987377 0.0140884 0.15786 -0.816707 0.15786
923 0.325165 0.295896 -0.467374 0.161184 -0.467374
924 0.974793 0.208912 -0.496704 -1.06682 -0.496704
925 0.306891 0.171168 0.10097 0.103959 0.10097
926 0.994485 0.678132 -0.8684 -0.734887 -0.8684
927 0.515815 0.675949 0.00361229 0.789682 0.00361229
928 0.976933 0.843147 -0.621592 -0.832863 -0.621592
929 0.295975 0.741188 0.242046 0.713166 0.242046
930 0.29685 0.71422 0.95851 0.666007 0.95851
931 0.136547 0.13415 -0.697248 -0.613257 -0.697248
932 0.836936 0.250053 -0.893795 -0.436342 -0.893795
933 0.30522 0.161813 0.208827 0.103879 0.208827
934 0.307982 0.167086 0.248933 0.108232 0.248933
935 0.631579 0.683127 0.350417 0.601524 0.350417
936 0.402794 0.513074 0.353332 0.549201 0.353332
937 0.408573 0.816124 0.410353 0.573805 0.410353
938 0.263013 0.892797 0.284734 0.541447 0.284734
939 0.959588 0.424022 -1.00514 -0.81795 -1.00514
940 0.403573 0.504549 0.903311 0.542424 0.903311
941 0.737604 0.0783153 -0.343323 0.228641 -0.343323
942 0.996135 0.671543 -0.79686 -0.741487 -0.79686
943 0.0202866 0.271209 -0.169636 -1.11574 -0.169636
944 0.56756 0.416075 0.186732 0.384548 0.186732
945 0.695318 0.828683 -0.735572 0.537084 -0.735572
946 0.272444 0.758267 0.445061 0.704901 0.445061
947 0.839579 0.655972 0.293114 -0.115331 0.293114
948 0.991312 0.684614 -0.355248 -0.720586 -0.355248
949 0.735127 0.0671618 -0.150034 0.244899 -0.150034
950 0.677028 0.524369 -0.376433 -0.160831 -0.376433
951 0.0200172 0.309695 1.11419 -0.872968 1.11419
952 0.746252 0.553781 0.224582 -0.352163 0.224582
953 0.305785 0.169486 0.466804 0.102028 0.466804
954 0.16606 0.0107079 0.641202 -0.40721 0.641202
955 0.988687 0.584931 -1.20585 -0.7133 -1.20585
956 0.743365 0.0745927 -0.191044 0.224915 -0.191044
957 0.0308985 0.286154 -0.342882 -0.975614 -0.342882
958 0.841634 0.254315 -0.828202 -0.46416 -0.828202
959 0.0135669 0.586837 -0.843878 -0.158845 -0.843878
960 0.506797 0.67156 0.128532 0.804153 0.128532
961 0.0781955 0.720059 0.736589 -0.494296 0.736589
962 0.544709 0.847316 0.091147 0.411459 0.091147
963 0.0155396 0.99972 0.122639 -0.824684 0.122639
964 0.305687 0.118856 0.585659 0.122814 0.585659
965 0.742064 0.0816735 -0.377832 0.21839 -0.377832
966 0.512091 0.970103 -0.5566 -0.158383 -0.5566
967 0.985192 0.20243 -1.07026 -1.10821 -1.07026
968 0.742948 0.841469 0.122216 0.509912 0.122216
969 0.0822912 0.717933 -0.384774 -0.459918 -0.384774
970 0.735965 0.851274 0.468029 0.475305 0.468029
971 0.527757 0.261839 0.701352 0.505199 0.701352
972 0.597606 0.0491679 0.251822 0.440299 0.251822
973 0.00744403 0.997767 -0.744135 -0.870963 -0.744135
974 0.310688 0.138812 -0.963884 0.126086 -0.963884
975 0.990193 0.195867 0.833568 -1.12249 0.833568
976 0.024615 0.309907 -0.68216 -0.854462 -0.68216
977 0.303395 0.726696 0.538803 0.692783 0.538803
978 0.842013 0.237348 -0.737322 -0.444613 -0.737322
979 0.00731558 0.849296 -1.05945 -1.03243 -1.05945
980 0.735372 0.844366 0.608539 0.497646 0.608539
981 0.745878 0.513911 -0.28466 -0.585159 -0.28466
982 0.742668 0.512234 0.415763 -0.577236 0.415763
983 0.212055 0.50221 0.0760046 0.204766 0.0760046
984 0.196691 0.0209248 -0.191364 -0.243518 -0.191364
985 0.50853 0.978894 -0.328313 -0.202323 -0.328313
986 0.0115013 0.997726 -0.194379 -0.848803 -0.194379
987 0.980046 0.563182 -0.61779 -0.699877 -0.61779
988 0.74134 0.840658 0.0458331 0.511942 0.0458331
989 0.22057 0.532437 0.279813 0.233783 0.279813
990 0.600299 0.06873 -0.129062 0.427226 -0.129062
991 0.996151 0.0155441 -1.15041 -0.859943 -1.15041
992 0.300085 0.723033 -0.0160074 0.684007 -0.0160074
993 0.5674 0.422639 0.39235 0.384249 0.39235
994 0.0869657 0.721778 0.0381094 -0.44203 0.0381094
995 0.424023 0.819143 -1.37412 0.557013 -1.37412
996 0.0771553 0.721874 -0.542997 -0.507728 -0.542997
997 0.278575 0.339724 -0.958754 0.0872655 -0.958754
998 0.586567 0.0517784 0.745435 0.453216 0.745435
999 0.569902 0.438126 0.371503 0.369452 0.371503

