id x y phenotype1 envi phenotype2 
0 0.378696 0.288579 0.312079 0.482785 0.312079
1 0.81591 0.13144 0.517532 -0.000166999 0.517532
2 0.755888 0.773456 -0.175274 0.338527 -0.175274
3 0.228549 0.976219 -0.708802 -0.320663 -0.708802
4 0.396946 0.77446 0.160241 0.0547126 0.160241
5 0.373088 0.289082 0.774061 0.484358 0.774061
6 0.314988 0.89728 0.371611 -0.00488202 0.371611
7 0.377771 0.452214 0.7116 0.463407 0.7116
8 0.527922 0.0111627 -0.224329 0.746716 -0.224329
9 0.886724 0.961395 -1.05196 -0.354876 -1.05196
10 0.903979 0.771724 -0.623382 -0.915238 -0.623382
11 0.896999 0.470673 -0.61996 -0.254991 -0.61996
12 0.0658251 0.169836 0.269696 -0.0369438 0.269696
13 0.0324812 0.419336 0.909263 -1.13911 0.909263
14 0.857005 0.778123 -0.642898 -0.507271 -0.642898
15 0.397881 0.460007 -0.307012 0.547712 -0.307012
16 0.167691 0.454539 -0.0600059 -0.579454 -0.0600059
17 0.905369 0.752661 0.107571 -0.976146 0.107571
18 0.886641 0.956539 -0.212213 -0.365098 -0.212213
19 0.0747425 0.166937 -0.173117 -0.0223023 -0.173117
20 0.53838 0.199841 0.638086 0.380243 0.638086
21 0.396608 0.296913 -1.13245 0.480528 -1.13245
22 0.670161 0.17071 -1.29533 0.314138 -1.29533
23 0.17803 0.449925 -0.986224 -0.490642 -0.986224
24 0.0266528 0.642764 -0.804815 -1.08528 -0.804815
25 0.197206 0.458059 -0.0853261 -0.409637 -0.0853261
26 0.0311255 0.330516 -0.466558 -0.402837 -0.466558
27 0.153889 0.0210624 0.0096627 -0.232816 0.0096627
28 0.598215 0.891082 -0.0104731 0.636069 -0.0104731
29 0.0317799 0.303126 0.407379 -0.171546 0.407379
30 0.806719 0.335971 0.775843 -0.094844 0.775843
31 0.949664 0.19484 -0.675599 -0.727414 -0.675599
32 0.481467 0.561993 0.848494 0.817819 0.848494
33 0.165425 0.0259583 0.609986 -0.154185 0.609986
34 0.148177 0.852651 0.28851 -0.546534 0.28851
35 0.862747 0.774579 -0.545663 -0.561091 -0.545663
36 0.873361 0.0095772 0.439818 -0.116642 0.439818
37 0.342265 0.990147 0.590764 0.3143 0.590764
38 0.736917 0.536895 0.306368 0.304984 0.306368
39 0.0294273 0.809226 0.582299 -0.657658 0.582299
40 0.971736 0.339049 -0.373322 -0.717638 -0.373322
41 0.0238459 0.407261 0.496258 -1.08378 0.496258
42 0.865643 0.602583 -0.498753 -0.326887 -0.498753
43 0.308884 0.670619 0.0661233 -0.159305 0.0661233
44 0.277534 0.583903 -0.332011 -0.173314 -0.332011
45 0.320809 0.887965 0.0811607 0.00612328 0.0811607
46 0.185192 0.0326883 -0.127978 -0.028175 -0.127978
47 0.86179 0.0220587 0.00248331 -0.0668692 0.00248331
48 0.74825 0.765897 0.341199 0.393312 0.341199
49 0.30868 0.0103303 -0.597171 0.397829 -0.597171
50 0.165903 0.674419 -1.189 -0.583258 -1.189
51 0.625889 0.593851 -0.391066 0.551705 -0.391066
52 0.518784 0.0220235 0.546168 0.732029 0.546168
53 0.620058 0.604189 -0.0471502 0.549227 -0.0471502
54 0.523302 0.680276 0.373771 0.509086 0.373771
55 0.658794 0.184529 -0.920001 0.295057 -0.920001
56 0.397636 0.485258 -0.205286 0.556928 -0.205286
57 0.0368208 0.175716 -0.948504 -0.0966964 -0.948504
58 0.901731 0.757216 -0.483204 -0.932472 -0.483204
59 0.284319 0.604648 -0.460732 -0.168548 -0.460732
60 0.638039 0.169118 0.154589 0.347144 0.154589
61 0.0631449 0.415748 -0.554993 -0.942098 -0.554993
62 0.387975 0.481309 0.404437 0.508919 0.404437
63 0.791912 0.927411 -0.0743941 0.0623469 -0.0743941
64 0.313471 0.911638 -0.221975 0.0123414 -0.221975
65 0.99704 0.0677661 -0.497333 -0.878651 -0.497333
66 0.714986 0.954222 -0.936064 0.377728 -0.936064
67 0.292348 0.00815245 -0.8685 0.364318 -0.8685
68 0.378902 0.44828 0.454146 0.46832 0.454146
69 0.888844 0.0209578 0.755468 -0.223128 0.755468
70 0.476851 0.950301 0.538294 0.956691 0.538294
71 0.483824 0.930244 -0.0510908 0.919767 -0.0510908
72 0.00984986 0.814391 -1.10398 -0.695515 -1.10398
73 0.027853 0.300029 -0.185271 -0.156948 -0.185271
74 0.0406002 0.782225 -1.28378 -0.580398 -1.28378
75 0.375518 0.283459 0.43369 0.484667 0.43369
76 0.886739 0.955413 -0.125767 -0.368003 -0.125767
77 0.948555 0.568311 -1.28398 -0.6472 -1.28398
78 0.11658 0.00841642 -1.05146 -0.487947 -1.05146
79 0.982187 0.0757913 -0.477385 -0.802018 -0.477385
80 0.604043 0.895293 -0.650826 0.631719 -0.650826
81 0.870803 0.60242 -1.06179 -0.354943 -1.06179
82 0.168651 0.0512105 0.194491 -0.0632299 0.194491
83 0.628682 0.417667 0.535182 0.505491 0.535182
84 0.509438 0.576386 0.581707 0.837771 0.581707
85 0.529094 0.706502 -1.31075 0.432576 -1.31075
86 0.488391 0.587815 0.197553 0.77013 0.197553
87 0.590007 0.903352 -0.21747 0.681477 -0.21747
88 0.51351 0.0309432 -0.17968 0.718794 -0.17968
89 0.178414 0.0281124 -0.337389 -0.0770973 -0.337389
90 0.8059 0.323699 -0.317318 -0.103763 -0.317318
91 0.205784 0.493564 -0.517713 -0.514191 -0.517713
92 0.882204 0.579585 0.0815101 -0.362194 0.0815101
93 0.317708 0.99817 -0.722729 0.184764 -0.722729
94 0.163658 0.8727 0.0939044 -0.525996 0.0939044
95 0.533342 0.203568 0.557203 0.378102 0.557203
96 0.0268545 0.296552 -0.198725 -0.130371 -0.198725
97 0.893826 0.409399 -0.858837 -0.327316 -0.858837
98 0.324674 0.993634 -0.45915 0.21784 -0.45915
99 0.501274 0.0264506 -0.0902821 0.735046 -0.0902821
100 0.225028 0.31596 -0.140192 0.3451 -0.140192
101 0.539576 0.203688 0.372569 0.371722 0.372569
102 0.0275107 0.312453 -0.166754 -0.262965 -0.166754
103 0.0346956 0.413749 -0.698339 -1.08053 -0.698339
104 0.146062 0.694291 0.0590354 -0.590605 0.0590354
105 0.0100561 0.672742 -1.06844 -0.963964 -1.06844
106 0.68064 0.00476002 0.568966 0.666659 0.568966
107 0.677659 0.00155398 0.0730622 0.675437 0.0730622
108 0.891422 0.963596 0.144499 -0.370828 0.144499
109 0.168675 0.891963 -0.404447 -0.521548 -0.404447
110 0.96137 0.296949 -1.4064 -0.746969 -1.4064
111 0.666462 0.0127635 0.245688 0.657965 0.245688
112 0.311586 0.00368697 0.433181 0.398646 0.433181
113 0.880503 0.017646 -0.257159 -0.169925 -0.257159
114 0.475669 0.178921 0.397549 0.465012 0.397549
115 0.30137 0.581427 -0.615778 -0.0617982 -0.615778
116 0.827415 0.315812 -0.945182 -0.195184 -0.945182
117 0.299592 0.568472 0.707357 -0.0518619 0.707357
118 0.80281 0.329808 -0.403267 -0.0859342 -0.403267
119 0.320342 0.978116 0.291994 0.164667 0.291994
120 0.00694674 0.0158435 -0.67491 -1.07923 -0.67491
121 0.911891 0.970635 -0.752036 -0.442157 -0.752036
122 0.476841 0.554283 -0.512735 0.819141 -0.512735
123 0.76443 0.749737 0.0358126 0.275776 0.0358126
124 0.43112 0.952378 0.108941 0.717189 0.108941
125 0.800881 0.148611 0.211516 0.0420369 0.211516
126 0.300397 0.682941 0.865227 -0.208294 0.865227
127 0.710508 0.51116 -0.0353273 0.380067 -0.0353273
128 0.607995 0.898271 -0.325335 0.628489 -0.325335
129 0.00568743 0.661676 -0.536974 -1.0408 -0.536974
130 0.723351 0.977066 1.0218 0.344864 1.0218
131 0.247583 0.32285 0.118651 0.393403 0.118651
132 0.739409 0.496709 0.582146 0.277286 0.582146
133 0.190126 0.478678 -0.412052 -0.554612 -0.412052
134 0.800836 0.130617 -0.632426 0.0772569 -0.632426
135 0.323774 0.899842 -0.120685 0.0415393 -0.120685
136 0.377339 0.461997 0.186839 0.460376 0.186839
137 0.476259 0.927391 0.472351 0.870543 0.472351
138 0.428046 0.762624 0.239354 0.121339 0.239354
139 0.476815 0.163082 0.573142 0.488674 0.573142
140 0.396009 0.489878 0.454966 0.55062 0.454966
141 0.17038 0.436569 -0.401843 -0.467676 -0.401843
142 0.896078 0.760531 -0.558521 -0.874949 -0.558521
143 0.38039 0.449312 0.833856 0.474113 0.833856
144 0.884531 0.745153 -0.986261 -0.784851 -0.986261
145 0.0126723 5.00866e-05 -1.36068 -1.13361 -1.36068
146 0.408958 0.769287 0.094319 0.0797722 0.094319
147 0.882476 0.585283 0.11351 -0.377424 0.11351
148 0.231702 0.317107 -0.155323 0.36216 -0.155323
149 0.300835 0.685196 0.813055 -0.209869 0.813055
150 0.0678546 0.435835 -0.512875 -1.06823 -0.512875
151 0.0317229 0.30383 -0.214632 -0.177601 -0.214632
152 0.861628 0.959569 0.478975 -0.245835 0.478975
153 0.600988 0.882885 -0.510986 0.613302 -0.510986
154 0.497193 0.0336601 0.684595 0.718138 0.684595
155 0.387443 0.290535 0.459703 0.480407 0.459703
156 0.26734 0.169721 0.467266 0.528243 0.467266
157 0.641638 0.407306 -0.34345 0.452561 -0.34345
158 0.514297 0.719791 -0.45075 0.39644 -0.45075
159 0.0535683 0.784669 -1.19279 -0.575973 -1.19279
160 0.0307845 0.417158 -0.918966 -1.13024 -0.918966
161 0.295995 0.609265 -0.860333 -0.124119 -0.860333
162 0.949609 0.569177 -0.828264 -0.655622 -0.828264
163 0.484852 0.149486 0.717869 0.509641 0.717869
164 0.53488 0.212237 -0.197305 0.360101 -0.197305
165 0.987529 0.0577475 -0.716672 -0.820556 -0.716672
166 0.0270739 0.80249 0.238038 -0.642996 0.238038
167 0.0297443 0.163296 0.125896 -0.182567 0.125896
168 0.962409 0.620434 -0.868837 -0.936215 -0.868837
169 0.284479 0.608182 0.562327 -0.172286 0.562327
170 0.477013 0.163564 0.738264 0.487912 0.738264
171 0.894857 0.763898 -1.00376 -0.856382 -1.00376
172 0.894418 0.471871 -0.0795041 -0.245002 -0.0795041
173 0.95503 0.311076 0.178113 -0.69915 0.178113
174 0.272057 0.157471 0.337001 0.51178 0.337001
175 0.169436 0.87203 -0.959258 -0.51314 -0.959258
176 0.285779 0.596571 -1.13887 -0.151984 -1.13887
177 0.172323 0.446575 -0.31263 -0.508547 -0.31263
178 0.852888 0.781924 -0.171572 -0.467368 -0.171572
179 0.025566 0.623723 -0.93862 -1.19206 -0.93862
180 0.165033 0.660366 -1.09394 -0.605966 -1.09394
181 0.203083 0.990951 -0.226626 -0.415185 -0.226626
182 0.756143 0.773909 0.784562 0.336117 0.784562
183 0.0316634 0.416246 -1.13261 -1.1178 -1.13261
184 0.864936 0.610922 0.129498 -0.339902 0.129498
185 0.0226705 0.946156 -1.27887 -1.02964 -1.27887
186 0.139521 0.0298354 -0.269272 -0.283026 -0.269272
187 0.286634 0.0258969 0.364869 0.371897 0.364869
188 0.808636 0.142106 0.500625 0.0162842 0.500625
189 0.0320354 0.319268 0.697755 -0.305646 0.697755
190 0.998232 0.0676732 -0.317285 -0.885155 -0.317285
191 0.849889 0.595688 -0.168086 -0.228601 -0.168086
192 0.0281867 0.420716 -0.90583 -1.1745 -0.90583
193 0.496227 0.563734 0.783379 0.882121 0.783379
194 0.432953 0.949576 -0.653321 0.718379 -0.653321
195 0.379408 0.287119 -0.0235304 0.482682 -0.0235304
196 0.849753 3.96248e-05 0.712307 0.0382626 0.712307
197 0.307629 0.0316621 0.654834 0.412255 0.654834
198 0.178479 0.883884 0.101582 -0.495627 0.101582
199 0.0125936 0.968795 -0.32218 -1.12724 -0.32218
200 0.804048 0.325977 -0.199828 -0.0944032 -0.199828
201 0.94431 0.167434 -0.581804 -0.678358 -0.581804
202 0.629051 0.595889 -0.556822 0.542898 -0.556822
203 0.453168 0.951493 0.784601 0.833323 0.784601
204 0.0433552 0.163979 -0.160701 -0.1356 -0.160701
205 0.39054 0.803782 0.462507 0.11009 0.462507
206 0.462337 0.943603 0.138252 0.855486 0.138252
207 0.042732 0.29231 -0.00662038 -0.0515376 -0.00662038
208 0.316267 0.911111 -0.125861 0.0251876 -0.125861
209 0.0384041 0.417431 -0.0563618 -1.09073 -0.0563618
210 0.897367 0.769079 -0.563781 -0.865584 -0.563781
211 0.23097 0.309819 -0.036826 0.388406 -0.036826
212 0.908175 0.971051 -0.105468 -0.425193 -0.105468
213 0.95034 0.176595 -0.682865 -0.714927 -0.682865
214 0.0363958 0.170822 -0.572392 -0.122913 -0.572392
215 0.593994 0.911946 -0.492277 0.690528 -0.492277
216 0.0496293 0.15099 -0.131185 -0.178948 -0.131185
217 0.473055 0.154713 -0.312128 0.501524 -0.312128
218 0.0412027 0.170634 0.538034 -0.109072 0.538034
219 0.859061 0.778993 -0.0581638 -0.523029 -0.0581638
220 0.882638 0.746516 -1.06529 -0.77148 -1.06529
221 0.302547 0.000880446 -0.411935 0.37811 -0.411935
222 0.967874 0.611678 0.592945 -0.929859 0.592945
223 0.0338974 0.784288 -0.728251 -0.590541 -0.728251
224 0.35261 0.879211 0.781144 0.134816 0.781144
225 0.490597 0.558077 0.146202 0.873305 0.146202
226 0.383378 0.445703 0.407911 0.48583 0.407911
227 0.0126633 0.7602 -0.809317 -0.539291 -0.809317
228 0.864236 0.606953 0.39866 -0.327929 0.39866
229 0.672765 0.012671 0.860948 0.654265 0.860948
230 0.994243 0.635289 -0.834499 -1.19944 -0.834499
231 0.88094 0.961292 0.0125471 -0.329258 0.0125471
232 0.99235 0.956328 -0.939026 -0.848871 -0.939026
233 0.741568 0.770258 0.313067 0.390064 0.313067
234 0.465296 0.937259 0.524349 0.849008 0.524349
235 0.507203 0.572773 1.07437 0.854073 1.07437
236 0.631808 0.603871 0.520731 0.52804 0.520731
237 0.187442 0.443577 -0.594385 -0.401124 -0.594385
238 0.797787 0.317531 0.0228761 -0.0783146 0.0228761
239 0.0294428 0.793145 0.404245 -0.61662 0.404245
240 0.0140757 0.97366 -1.23856 -1.13533 -1.23856
241 0.633127 0.174088 0.0604652 0.341273 0.0604652
242 0.869384 0.598473 0.46604 -0.338722 0.46604
243 0.940681 0.188325 -0.227978 -0.680363 -0.227978
244 0.686312 0.00510704 0.490151 0.662476 0.490151
245 0.810495 0.321377 0.479394 -0.123808 0.479394
246 0.311616 0.989392 0.287767 0.133824 0.287767
247 0.755986 0.504684 -0.267925 0.227262 -0.267925
248 0.874616 0.019495 -0.188348 -0.138021 -0.188348
249 0.655933 0.621876 0.339981 0.469056 0.339981
250 0.750451 0.760683 0.104199 0.393289 0.104199
251 0.172343 0.90237 0.642332 -0.515322 0.642332
252 0.0110966 0.628721 -1.07995 -1.21814 -1.07995
253 0.639419 0.369523 -0.84742 0.39041 -0.84742
254 0.642047 0.393741 0.549199 0.427487 0.549199
255 0.276368 0.00192651 0.0625924 0.325708 0.0625924
256 0.987633 0.622382 -0.322487 -1.09504 -0.322487
257 0.985007 0.332763 -0.507395 -0.77884 -0.507395
258 0.634825 0.182767 -1.42529 0.321518 -1.42529
259 0.289003 0.00949347 0.036863 0.359166 0.036863
260 0.516345 0.0279994 0.269151 0.722432 0.269151
261 0.287921 0.58719 0.0529778 -0.130465 0.0529778
262 0.0361993 0.312345 -0.97597 -0.2347 -0.97597
263 0.250685 0.324334 0.256301 0.396816 0.256301
264 0.416263 0.779109 -0.796044 0.132082 -0.796044
265 0.038392 0.4265 -1.24991 -1.16527 -1.24991
266 0.773758 0.921766 0.290491 0.157593 0.290491
267 0.655654 0.0102661 0.631882 0.669983 0.631882
268 0.91271 0.765855 -1.28949 -1.00525 -1.28949
269 0.91054 0.470751 0.0184454 -0.298787 0.0184454
270 0.124803 0.0124944 -1.31719 -0.425687 -1.31719
271 0.016932 0.614969 0.479015 -1.27462 0.479015
272 0.131378 0.663543 -0.419744 -0.691766 -0.419744
273 0.0195409 0.754786 -0.530363 -0.52188 -0.530363
274 0.393062 0.47837 0.689869 0.532517 0.689869
275 0.542548 0.664588 0.299427 0.536633 0.299427
276 0.00112871 0.00518117 -0.460628 -1.17268 -0.460628
277 0.989669 0.0612484 -0.371617 -0.834454 -0.371617
278 0.997233 0.0787456 -0.842172 -0.885321 -0.842172
279 0.0589419 0.182891 -0.150709 0.00343268 -0.150709
280 0.232086 0.318731 -0.778683 0.35707 -0.778683
281 0.273591 0.162636 0.185895 0.518034 0.185895
282 0.886814 0.584946 0.232838 -0.398705 0.232838
283 0.30198 0.149303 -0.353693 0.502728 -0.353693
284 0.151449 0.688975 -0.0271105 -0.590674 -0.0271105
285 0.964845 0.614886 -0.488282 -0.926502 -0.488282
286 0.864106 0.0249321 0.0701498 -0.0846294 0.0701498
287 0.588233 0.87354 -0.0995862 0.617915 -0.0995862
288 0.200268 0.310961 0.359412 0.288206 0.359412
289 0.991493 0.0763704 -1.30756 -0.852926 -1.30756
290 0.180655 0.442852 -0.156026 -0.438643 -0.156026
291 0.043676 0.154969 -0.352009 -0.179413 -0.352009
292 0.647341 0.41536 -0.0405183 0.451774 -0.0405183
293 0.00686142 0.749177 -0.645007 -0.516832 -0.645007
294 0.165254 0.438946 -0.11388 -0.510791 -0.11388
295 0.460088 0.15199 1.4329 0.505486 1.4329
296 0.247329 0.316677 0.644334 0.414543 0.644334
297 0.0414484 0.430736 -0.653932 -1.18238 -0.653932
298 0.624001 0.409082 -0.738629 0.5013 -0.738629
299 0.381262 0.452741 0.655346 0.477469 0.655346
300 0.476865 0.565437 -0.895305 0.785676 -0.895305
301 0.160464 0.443306 -0.31178 -0.563326 -0.31178
302 0.329894 0.886848 -1.61188 0.0461807 -1.61188
303 0.695926 0.00264659 0.669133 0.662111 0.669133
304 0.0238328 0.426507 -1.27789 -1.24814 -1.27789
305 0.246823 0.331613 -0.16416 0.359504 -0.16416
306 0.491527 0.561651 0.545193 0.866502 0.545193
307 0.971769 0.18115 -0.447034 -0.818829 -0.447034
308 0.535336 0.212027 -0.768499 0.360042 -0.768499
309 0.678076 0.00551057 0.669815 0.666572 0.669815
310 0.781445 0.35172 0.465117 0.0151705 0.465117
311 0.618682 0.34983 -1.03001 0.396994 -1.03001
312 0.651722 0.341938 -0.321596 0.316906 -0.321596
313 0.722245 0.96871 0.107892 0.350648 0.107892
314 0.254214 0.310878 0.356802 0.444752 0.356802
315 0.85049 0.00413675 0.323359 0.0273638 0.323359
316 0.853783 0.000829364 0.340743 0.0128912 0.340743
317 0.388524 0.291982 -0.397387 0.480375 -0.397387
318 0.857916 0.784494 -0.458967 -0.504833 -0.458967
319 0.51517 0.681613 0.6969 0.510447 0.6969
320 0.164809 0.0165748 0.427956 -0.185392 0.427956
321 0.294089 0.0035777 -0.096652 0.363349 -0.096652
322 0.187857 0.452755 -0.100691 -0.443456 -0.100691
323 0.209035 0.997036 -0.988258 -0.389144 -0.988258
324 0.738093 0.53379 0.432607 0.300173 0.432607
325 0.478655 0.941058 0.309519 0.932657 0.309519
326 0.156586 0.43862 -0.633446 -0.560667 -0.633446
327 0.286102 0.593987 -0.0631859 -0.147277 -0.0631859
328 0.868872 0.774021 -0.27933 -0.613629 -0.27933
329 0.935463 0.522935 -0.571055 -0.41917 -0.571055
330 0.0412771 0.428239 -0.929955 -1.16303 -0.929955
331 0.886121 0.582139 0.37571 -0.388098 0.37571
332 0.749588 0.758678 0.677281 0.39852 0.677281
333 0.0224903 0.013559 -0.796837 -1.0036 -0.796837
334 0.524608 0.0272374 0.519697 0.71851 0.519697
335 0.00981692 0.639425 -1.25454 -1.16004 -1.25454
336 0.475607 0.56665 0.70993 0.776123 0.70993
337 0.993019 0.0681454 -0.232979 -0.856762 -0.232979
338 0.793425 0.166097 -0.473863 0.0436489 -0.473863
339 0.725952 0.971601 0.13552 0.336508 0.13552
340 0.763157 0.513621 -0.494789 0.207136 -0.494789
341 0.0392381 0.418917 -0.868116 -1.09833 -0.868116
342 0.316907 0.0004922 0.144064 0.407288 0.144064
343 0.750888 0.764157 0.915964 0.387095 0.915964
344 0.9599 0.309876 -0.135559 -0.72014 -0.135559
345 0.966794 0.63173 -1.22484 -1.01182 -1.22484
346 0.39443 0.293017 0.295399 0.479454 0.295399
347 0.624895 0.399954 0.0923354 0.481338 0.0923354
348 0.813356 0.324066 0.00929049 -0.132148 0.00929049
349 0.244788 0.770922 -0.282876 -0.437147 -0.282876
350 0.865472 0.0258172 0.307868 -0.0938653 0.307868
351 0.908107 0.946995 0.437176 -0.4883 0.437176
352 0.214666 0.998981 -0.650441 -0.364942 -0.650441
353 0.406873 0.967538 0.779446 0.628704 0.779446
354 0.0294786 0.416627 -1.30087 -1.13293 -1.30087
355 0.491098 0.583748 0.0886277 0.795073 0.0886277
356 0.956394 0.564404 -0.627964 -0.667878 -0.627964
357 0.675442 0.0137833 0.700209 0.650192 0.700209
358 0.550681 0.374362 -0.59431 0.599249 -0.59431
359 0.136402 0.0218091 -0.910445 -0.327508 -0.910445
360 0.853147 0.960762 0.0285553 -0.205883 0.0285553
361 0.030547 0.321915 0.444861 -0.332759 0.444861
362 0.00639751 0.973722 -1.30118 -1.16463 -1.30118
363 0.904074 0.766049 -1.03561 -0.930518 -1.03561
364 0.638712 0.395039 0.292437 0.437962 0.292437
365 0.129619 0.016302 -1.40468 -0.384698 -1.40468
366 0.0351045 0.137124 -0.0581887 -0.299378 -0.0581887
367 0.646572 0.344277 -0.209402 0.330979 -0.209402
368 0.228762 0.310275 0.00734558 0.379767 0.00734558
369 0.00290158 0.626044 -0.494367 -1.26449 -0.494367
370 0.479878 0.569456 0.815676 0.787629 0.815676
371 0.293107 0.603556 -0.474318 -0.12893 -0.474318
372 0.463055 0.146671 0.618397 0.51259 0.618397
373 0.153957 0.687142 0.0839275 -0.589006 0.0839275
374 0.892526 0.018094 0.854564 -0.240962 0.854564
375 0.286785 0.140417 0.127285 0.49277 0.127285
376 0.335149 0.974291 0.0721323 0.241656 0.0721323
377 0.719754 0.540287 0.459898 0.354949 0.459898
378 0.342044 0.985451 -0.522372 0.303436 -0.522372
379 0.196701 0.480819 -0.404967 -0.519626 -0.404967
380 0.762488 0.749039 0.0404655 0.292869 0.0404655
381 0.381568 0.448219 0.738657 0.478794 0.738657
382 0.901689 0.944069 0.509169 -0.465006 0.509169
383 0.251301 0.329303 0.479791 0.37997 0.479791
384 0.903064 0.749632 -0.78414 -0.961349 -0.78414
385 0.691017 0.15959 0.015432 0.319372 0.015432
386 0.760548 0.753696 -0.20678 0.308752 -0.20678
387 0.359076 0.79392 0.306946 -0.0268318 0.306946
388 0.891491 0.743604 -1.03614 -0.842137 -1.03614
389 0.873318 0.587104 0.335547 -0.33474 0.335547
390 0.688498 0.177784 0.62748 0.281658 0.62748
391 0.782858 0.745155 0.431414 0.111837 0.431414
392 0.303961 0.00507855 0.0696554 0.384453 0.0696554
393 0.947079 0.195996 0.345878 -0.716619 0.345878
394 0.00557981 0.654904 -1.29379 -1.08164 -1.29379
395 0.00533141 0.652442 -1.04672 -1.09713 -1.04672
396 0.53138 0.0145992 0.610828 0.738076 0.610828
397 0.949543 0.183226 -0.385024 -0.716878 -0.385024
398 0.307967 0.0102383 0.1376 0.396388 0.1376
399 0.0482798 0.1498 -0.0174331 -0.189371 -0.0174331
400 0.134135 0.686126 -0.935485 -0.631414 -0.935485
401 0.376741 0.292572 0.0649939 0.482788 0.0649939
402 0.521238 0.0157321 0.834503 0.742264 0.834503
403 0.0452035 0.108689 -0.964103 -0.403451 -0.964103
404 0.232596 0.762416 -0.438748 -0.449855 -0.438748
405 0.918321 0.943983 -0.112627 -0.545603 -0.112627
406 0.670603 0.0104331 0.1873 0.660443 0.1873
407 0.992984 0.953693 -0.577488 -0.863442 -0.577488
408 0.314521 0.979058 0.595982 0.133072 0.595982
409 0.977752 0.632759 -1.16442 -1.08435 -1.16442
410 0.691943 0.148833 0.217888 0.342248 0.217888
411 0.606297 0.882544 0.178551 0.601868 0.178551
412 0.48358 0.162657 0.920276 0.488365 0.920276
413 0.969252 0.62571 -0.699415 -1.00021 -0.699415
414 0.623402 0.347994 -0.190698 0.383869 -0.190698
415 0.722077 0.51332 -0.813432 0.342648 -0.813432
416 0.678313 0.00567725 0.668106 0.666066 0.668106
417 0.937404 0.514693 -0.240515 -0.395666 -0.240515
418 0.376878 0.459198 0.276735 0.4588 0.276735
419 0.4887 0.580163 -0.063212 0.795383 -0.063212
420 0.485783 0.57105 0.165727 0.810241 0.165727
421 0.304823 0.984268 -0.799788 0.0859676 -0.799788
422 0.889714 0.94621 -0.199191 -0.402339 -0.199191
423 0.997563 0.0603235 -1.16703 -0.877735 -1.16703
424 0.380339 0.448266 -0.0388886 0.473966 -0.0388886
425 0.0161559 0.620757 0.955441 -1.24485 0.955441
426 0.910945 0.461696 -0.0625963 -0.312958 -0.0625963
427 0.974151 0.647637 -0.478655 -1.12994 -0.478655
428 0.212464 0.983031 -1.20084 -0.379867 -1.20084
429 0.00843148 0.812752 0.0798627 -0.692575 0.0798627
430 0.0386728 0.343524 -0.855667 -0.482768 -0.855667
431 0.304824 0.593515 -0.975313 -0.0634705 -0.975313
432 0.858033 0.952765 0.438309 -0.240378 0.438309
433 0.891732 0.425023 -0.529576 -0.299063 -0.529576
434 0.954596 0.309035 -0.266046 -0.700727 -0.266046
435 0.997232 0.0616921 -0.776714 -0.876598 -0.776714
436 0.394534 0.780928 0.71033 0.0639321 0.71033
437 0.029237 0.318141 0.7867 -0.305401 0.7867
438 0.205226 0.49105 -0.53017 -0.50688 -0.53017
439 0.635041 0.397621 0.0489365 0.451706 0.0489365
440 0.209806 0.98494 0.708316 -0.389739 0.708316
441 0.897646 0.415418 -0.00453858 -0.332471 -0.00453858
442 0.605283 0.91917 0.125135 0.675747 0.125135
443 0.383733 0.455861 -0.148859 0.487583 -0.148859
444 0.808161 0.31932 -0.40331 -0.116822 -0.40331
445 0.878443 0.58007 0.307592 -0.34464 0.307592
446 0.893369 0.773697 -0.292459 -0.820755 -0.292459
447 0.733095 0.974009 0.342035 0.309392 0.342035
448 0.772857 0.945262 0.218542 0.15714 0.218542
449 0.883973 0.927814 -0.326728 -0.413967 -0.326728
450 0.597684 0.908443 -0.402104 0.673704 -0.402104
451 0.272902 0.157479 -0.206202 0.51173 -0.206202
452 0.397182 0.481829 0.253267 0.553349 0.253267
453 0.528227 0.719304 -0.382902 0.397138 -0.382902
454 0.0264953 0.316144 -0.40983 -0.297458 -0.40983
455 0.491656 0.570668 0.425335 0.838751 0.425335
456 0.958021 0.315507 -1.05896 -0.703681 -1.05896
457 0.0381427 0.424684 -0.6362 -1.15176 -0.6362
458 0.320424 0.901627 0.068175 0.0287022 0.068175
459 0.51656 0.0231715 0.491184 0.731303 0.491184
460 0.475275 0.948949 0.63493 0.94333 0.63493
461 0.00792434 0.975894 0.334524 -1.16512 0.334524
462 0.60252 0.903802 0.113395 0.652277 0.113395
463 0.153274 0.0273251 0.059606 -0.216463 0.059606
464 0.161049 0.864423 -0.543368 -0.527896 -0.543368
465 0.0101456 0.654589 -1.1552 -1.07009 -1.1552
466 0.540456 0.203171 0.0713877 0.371842 0.0713877
467 0.904938 0.75296 -1.04285 -0.97156 -1.04285
468 0.178175 0.886508 -0.811199 -0.496837 -0.811199
469 0.905676 0.949275 0.880509 -0.470817 0.880509
470 0.317231 0.667524 -0.162617 -0.123279 -0.162617
471 0.814163 0.144122 0.4507 -0.0148157 0.4507
472 0.875119 0.458308 -1.23568 -0.19975 -1.23568
473 0.0474638 0.780045 -0.81739 -0.570317 -0.81739
474 0.0688491 0.440428 -0.606588 -1.09698 -0.606588
475 0.393821 0.303895 -0.69177 0.482885 -0.69177
476 0.00530197 0.635267 0.327708 -1.20019 0.327708
477 0.0111546 0.620569 -1.03423 -1.26545 -1.03423
478 0.642014 0.350647 0.55033 0.351244 0.55033
479 0.305161 0.598474 -0.13962 -0.069131 -0.13962
480 0.299175 0.57471 0.564801 -0.0624734 0.564801
481 0.632631 0.413491 0.812494 0.487195 0.812494
482 0.398097 0.285331 0.335023 0.475562 0.335023
483 0.322121 0.673675 0.00610452 -0.114676 0.00610452
484 0.646448 0.186807 -0.801346 0.301965 -0.801346
485 0.990472 0.0545037 -1.21107 -0.835125 -1.21107
486 0.0421128 0.310697 -1.15305 -0.202687 -1.15305
487 0.721484 0.967042 -0.511811 0.353697 -0.511811
488 0.974414 0.649705 -0.464747 -1.14112 -0.464747
489 0.285256 0.586871 0.549816 -0.142058 0.549816
490 0.375836 0.2973 0.245028 0.482155 0.245028
491 0.383964 0.484891 0.587226 0.489813 0.587226
492 0.314773 0.00416887 0.331698 0.405383 0.331698
493 0.949936 0.181927 -0.529946 -0.717591 -0.529946
494 0.180526 0.0344172 -0.675829 -0.0485463 -0.675829
495 0.982184 0.328719 -0.257817 -0.775008 -0.257817
496 0.15878 0.024906 0.347897 -0.193834 0.347897
497 0.074375 0.164458 -0.580746 -0.0345312 -0.580746
498 0.0385209 0.158702 -0.159031 -0.177732 -0.159031
499 0.737606 0.525868 1.10419 0.298008 1.10419
500 0.393152 0.478172 0.771072 0.532886 0.771072
501 0.873883 0.0120594 -0.690861 -0.123236 -0.690861
502 0.156239 0.660123 0.179606 -0.630814 0.179606
503 0.744995 0.532322 0.575746 0.279159 0.575746
504 0.790523 0.133909 0.316116 0.122545 0.316116
505 0.871082 0.760139 -0.640267 -0.657969 -0.640267
506 0.458575 0.94344 0.219581 0.834994 0.219581
507 0.950375 0.181515 -0.388655 -0.719288 -0.388655
508 0.990705 0.0685055 -0.233383 -0.844253 -0.233383
509 0.634317 0.596665 0.605 0.531669 0.605
510 0.277306 0.137456 0.174915 0.487757 0.174915
511 0.996704 0.95715 -1.06134 -0.865074 -1.06134
512 0.870128 0.011664 0.193595 -0.100507 0.193595
513 0.935595 0.516273 -0.649529 -0.395205 -0.649529
514 0.40406 0.460793 -0.305517 0.574357 -0.305517
515 0.547789 0.369513 0.0787212 0.59285 0.0787212
516 0.625265 0.407876 -0.579839 0.495705 -0.579839
517 0.992111 0.0632809 -1.10641 -0.849103 -1.10641
518 0.414536 0.780032 0.000502406 0.12895 0.000502406
519 0.902952 0.953871 0.138884 -0.446342 0.138884
520 0.0124269 0.651252 -1.06561 -1.08271 -1.06561
521 0.809897 0.149714 0.205059 -0.00425608 0.205059
522 0.400995 0.275531 0.470588 0.469585 0.470588
523 0.56976 0.864613 0.561697 0.62886 0.561697
524 0.716235 0.984943 0.859237 0.370993 0.859237
525 0.00411822 0.982316 -0.972992 -1.19865 -0.972992
526 0.888085 0.0116123 0.601567 -0.206469 0.601567
527 0.791146 0.130919 -0.257005 0.125452 -0.257005
528 0.529333 0.708118 -0.942092 0.428043 -0.942092
529 0.992929 0.619847 0.604411 -1.11395 0.604411
530 0.96674 0.194177 -0.360033 -0.804919 -0.360033
531 0.739324 0.507569 0.337698 0.283999 0.337698
532 0.171086 0.871198 0.4408 -0.509298 0.4408
533 0.213698 0.98318 0.224656 -0.374948 0.224656
534 0.752353 0.513951 -0.317507 0.244459 -0.317507
535 0.581595 0.877037 0.0326703 0.638623 0.0326703
536 0.632594 0.391415 0.439078 0.446219 0.439078
537 0.883789 0.00903583 -0.442675 -0.177654 -0.442675
538 0.790256 0.139551 0.174073 0.112476 0.174073
539 0.712369 0.54614 0.0982448 0.376168 0.0982448
540 0.539709 0.728831 -0.240384 0.371664 -0.240384
541 0.873948 0.0218636 0.144534 -0.137457 0.144534
542 0.297465 0.141606 0.136079 0.495557 0.136079
543 0.0417836 0.165839 0.52888 -0.131301 0.52888
544 0.595213 0.902039 -0.369104 0.666133 -0.369104
545 0.644827 0.3388 -0.27847 0.324864 -0.27847
546 0.0375134 0.794946 -0.127728 -0.613532 -0.127728
547 0.486253 0.143274 0.590493 0.51993 0.590493
548 0.680254 0.00425348 0.358101 0.667997 0.358101
549 0.224307 0.972888 -0.163288 -0.338736 -0.163288
550 0.87979 0.584838 0.616836 -0.362661 0.616836
551 0.902134 0.411926 -1.11363 -0.352888 -1.11363
552 0.211333 0.98585 0.400089 -0.383367 0.400089
553 0.678463 0.000457311 0.448938 0.677346 0.448938
554 0.98673 0.324721 -0.55278 -0.799387 -0.55278
555 0.806394 0.318401 0.113939 -0.110875 0.113939
556 0.0323611 0.293334 -0.265543 -0.0881106 -0.265543
557 0.0271132 0.40653 -1.00742 -1.06041 -1.00742
558 0.0307353 0.332342 -0.763558 -0.419529 -0.763558
559 0.0114826 0.296668 -1.22633 -0.174386 -1.22633
560 0.011995 0.00923141 -0.90801 -1.0871 -0.90801
561 0.137211 0.00939155 -0.50951 -0.365536 -0.50951
562 0.852657 0.0104014 0.828737 0.00463092 0.828737
563 0.804012 0.146678 -0.494611 0.0303944 -0.494611
564 0.427841 0.767257 0.383928 0.134822 0.383928
565 0.670462 0.0169127 0.000298908 0.646515 0.000298908
566 0.983804 0.062778 -0.442703 -0.802878 -0.442703
567 0.988536 0.329243 -0.977434 -0.798454 -0.977434
568 0.0155129 0.00563578 -0.643602 -1.08641 -0.643602
569 0.956301 0.30887 -0.182234 -0.707668 -0.182234
570 0.562079 0.358295 0.13804 0.532905 0.13804
571 0.960607 0.620523 -1.25866 -0.925924 -1.25866
572 0.402137 0.774448 -0.376951 0.0718332 -0.376951
573 0.971913 0.647522 -1.38219 -1.11476 -1.38219
574 0.510627 0.027692 0.934792 0.726709 0.934792
575 0.672513 0.0101513 0.393385 0.65988 0.393385
576 0.398586 0.473648 0.586847 0.556582 0.586847
577 0.0182813 0.764245 0.586617 -0.548081 0.586617
578 0.275437 0.16564 0.395924 0.521399 0.395924
579 0.00999221 0.619602 0.829837 -1.27566 0.829837
580 0.392902 0.468118 0.378332 0.528885 0.378332
581 0.859951 0.000803003 0.312337 -0.0239787 0.312337
582 0.942008 0.195063 -0.278781 -0.692647 -0.278781
583 0.030277 0.320835 0.327164 -0.324601 0.327164
584 0.980702 0.94894 -0.745851 -0.826423 -0.745851
585 0.75727 0.756824 0.338787 0.336051 0.338787
586 0.395704 0.775336 0.568672 0.0529503 0.568672
587 0.597064 0.879076 -0.210143 0.613216 -0.210143
588 0.0134998 0.626905 1.00494 -1.21978 1.00494
589 0.231207 0.312041 -0.379331 0.380423 -0.379331
590 0.288592 0.595895 -0.761431 -0.138688 -0.761431
591 0.234671 0.750841 -0.347663 -0.457168 -0.347663
592 0.724135 0.974108 -0.363077 0.34259 -0.363077
593 0.29679 0.695125 0.175211 -0.238031 0.175211
594 0.800069 0.920356 -0.387905 0.0175809 -0.387905
595 0.172244 0.0167384 -0.772806 -0.143022 -0.772806
596 0.270274 0.160308 0.420327 0.515529 0.420327
597 0.999458 0.0709303 -1.27802 -0.893502 -1.27802
598 0.322476 0.978639 0.569037 0.177784 0.569037
599 0.788619 0.932388 -0.643749 0.079965 -0.643749
600 0.0110172 0.961747 -0.97916 -1.11306 -0.97916
601 0.625541 0.4177 0.42669 0.513928 0.42669
602 0.036702 0.30231 -0.184487 -0.15033 -0.184487
603 0.389802 0.45799 -0.587169 0.513064 -0.587169
604 0.299684 0.597859 -0.280969 -0.0923652 -0.280969
605 0.0276087 0.297808 0.561343 -0.13888 0.561343
606 0.0158541 0.621375 1.42533 -1.2425 1.42533
607 0.689496 0.175032 0.240599 0.286777 0.240599
608 0.402872 0.760095 -0.0739393 0.0347085 -0.0739393
609 0.0478543 0.328455 -0.290781 -0.326914 -0.290781
610 0.329453 0.681496 0.119784 -0.100475 0.119784
611 0.0272461 0.419336 -0.728069 -1.16806 -0.728069
612 0.190118 0.44956 -0.119834 -0.413821 -0.119834
613 0.910084 0.408908 0.184312 -0.38489 0.184312
614 0.857394 0.779582 -0.177439 -0.508231 -0.177439
615 0.0026993 0.662978 -0.861732 -1.04109 -0.861732
616 0.134 0.010369 -1.07638 -0.380619 -1.07638
617 0.011274 0.30213 -0.827734 -0.223122 -0.827734
618 0.039548 0.424697 -0.50078 -1.14394 -0.50078
619 0.663209 0.167548 0.0706858 0.327352 0.0706858
620 0.24264 0.747955 -0.361028 -0.454375 -0.361028
621 0.00652097 0.00831287 -0.0682555 -1.12375 -0.0682555
622 0.666631 0.00798558 0.341645 0.668159 0.341645
623 0.702656 0.164965 -0.737902 0.296913 -0.737902
624 0.266662 0.321466 -0.071029 0.415905 -0.071029
625 0.903308 0.761309 -0.0499587 -0.935944 -0.0499587
626 0.513721 0.0267621 0.600003 0.726436 0.600003
627 0.679422 0.00211585 -0.684954 0.673159 -0.684954
628 0.297049 0.0209729 -0.400788 0.38521 -0.400788
629 0.709488 0.162056 -0.68478 0.297191 -0.68478
630 0.904891 0.97137 0.156603 -0.410379 0.156603
631 0.257058 0.761337 0.0433865 -0.421084 0.0433865
632 0.301288 0.594355 -0.46982 -0.0803706 -0.46982
633 0.338443 0.881049 0.460688 0.0741812 0.460688
634 0.0669928 0.190593 0.500424 0.0619259 0.500424
635 0.522854 0.683695 0.00980054 0.499573 0.00980054
636 0.345969 0.875519 0.753394 0.0969779 0.753394
637 0.863226 0.941678 -0.166764 -0.283215 -0.166764
638 0.520287 0.676837 0.351085 0.521072 0.351085
639 0.614166 0.410757 -1.13054 0.530129 -1.13054
640 0.404371 0.759453 -0.0615578 0.037625 -0.0615578
641 0.298701 0.00711078 -0.350578 0.375783 -0.350578
642 0.546197 0.683564 -0.414321 0.485763 -0.414321
643 0.323367 0.663877 -0.30737 -0.094285 -0.30737
644 0.0119485 0.615345 -0.196318 -1.29269 -0.196318
645 0.242435 0.770258 0.216731 -0.439041 0.216731
646 0.678102 0.0088651 0.298556 0.659251 0.298556
647 0.292076 0.0168743 -0.529681 0.372349 -0.529681
648 0.301699 0.598004 0.745067 -0.0836979 0.745067
649 0.301698 0.594053 -1.0767 -0.0781223 -1.0767
650 0.815257 0.325298 0.301259 -0.138218 0.301259
651 0.0203816 0.00787641 -0.230524 -1.04607 -0.230524
652 0.521278 0.0244965 0.623819 0.725804 0.623819
653 0.551032 0.721749 -0.419067 0.389938 -0.419067
654 0.620818 0.395532 0.507165 0.482804 0.507165
655 0.315528 0.00238182 -0.33725 0.405709 -0.33725
656 0.0414028 0.162295 -0.159708 -0.15027 -0.159708
657 0.457326 0.953412 0.129869 0.862264 0.129869
658 0.894417 0.960943 -0.30381 -0.390284 -0.30381
659 0.252713 0.325618 0.603854 0.393719 0.603854
660 0.490994 0.138214 0.551598 0.529167 0.551598
661 0.478185 0.549825 -0.736921 0.839071 -0.736921
662 0.62068 0.412944 -0.915878 0.517504 -0.915878
663 0.00793828 0.612696 -0.00852533 -1.32463 -0.00852533
664 0.783502 0.344225 -0.0280651 0.000829513 -0.0280651
665 0.0312549 0.346256 -0.927921 -0.534136 -0.927921
666 0.640362 0.601727 0.186646 0.51455 0.186646
667 0.492475 0.570786 0.691095 0.842187 0.691095
668 0.541716 0.205505 0.129303 0.36613 0.129303
669 0.243861 0.318715 -1.09489 0.395873 -1.09489
670 0.0427315 0.428247 -0.872387 -1.15477 -0.872387
671 0.0286466 0.625767 -0.688352 -1.1694 -0.688352
672 0.979554 0.648288 -0.556953 -1.1684 -0.556953
673 0.0270794 0.336524 1.04146 -0.468065 1.04146
674 0.279137 0.150351 0.422928 0.50304 0.422928
675 0.279835 0.596508 0.196611 -0.178158 0.196611
676 0.154896 0.667834 0.275707 -0.621014 0.275707
677 0.0781032 0.166517 -0.570297 -0.013599 -0.570297
678 0.0188553 0.0222898 -0.966442 -0.977228 -0.966442
679 0.983129 0.339978 -0.952398 -0.759249 -0.952398
680 0.847222 0.59779 -0.497954 -0.217739 -0.497954
681 0.308757 0.0106003 0.16469 0.398181 0.16469
682 0.0115709 0.00276189 -0.762822 -1.12518 -0.762822
683 0.648727 0.182215 -0.877627 0.309529 -0.877627
684 0.0377062 0.297766 -0.545606 -0.110011 -0.545606
685 0.371431 0.806889 -0.379103 0.0477584 -0.379103
686 0.167783 0.0122676 -0.641114 -0.181188 -0.641114
687 0.867145 0.605313 0.176 -0.34083 0.176
688 0.823739 0.316479 0.287588 -0.180182 0.287588
689 0.335144 0.984275 -0.0708717 0.261173 -0.0708717
690 0.175692 0.679407 0.288779 -0.554144 0.288779
691 0.238804 0.337354 -0.130769 0.309267 -0.130769
692 0.717712 0.545866 -0.152252 0.361526 -0.152252
693 0.244824 0.771985 0.0823512 -0.436201 0.0823512
694 0.784613 0.127327 0.763685 0.165749 0.763685
695 0.602467 0.872651 -0.339332 0.5897 -0.339332
696 0.431037 0.94952 -0.662661 0.707916 -0.662661
697 0.993674 0.0710765 -1.20142 -0.861934 -1.20142
698 0.163627 0.44454 -0.971534 -0.550852 -0.971534
699 0.996453 0.0745414 0.0380658 -0.878924 0.0380658
700 0.942083 0.570914 -0.965292 -0.626676 -0.965292
701 0.645956 0.402689 0.2035 0.433467 0.2035
702 0.614902 0.409102 -0.167349 0.524858 -0.167349
703 0.378335 0.444556 0.184288 0.466485 0.184288
704 0.988885 0.0619768 -1.11243 -0.830524 -1.11243
705 0.989286 0.0584746 -0.519147 -0.830751 -0.519147
706 0.691325 0.0020174 0.0336414 0.666255 0.0336414
707 0.200161 0.307986 0.578189 0.301598 0.578189
708 0.559378 0.363401 0.0246833 0.551631 0.0246833
709 0.564945 0.360689 0.537971 0.532866 0.537971
710 0.386929 0.455694 -0.0474027 0.500758 -0.0474027
711 0.886355 0.420437 0.167453 -0.286641 0.167453
712 0.0494954 0.118687 -0.120512 -0.337037 -0.120512
713 0.142279 0.685329 -0.441897 -0.616418 -0.441897
714 0.165955 0.0234738 0.0137718 -0.158602 0.0137718
715 0.820974 0.325634 -0.16066 -0.159879 -0.16066
716 0.990655 0.0772967 -1.02769 -0.848892 -1.02769
717 0.00934398 0.00757947 -0.405841 -1.11152 -0.405841
718 0.986276 0.336142 -0.109648 -0.777827 -0.109648
719 0.1549 0.858613 0.394103 -0.537297 0.394103
720 0.032452 0.297198 -0.324651 -0.120106 -0.324651
721 0.539239 0.723451 -0.811239 0.385689 -0.811239
722 0.646037 0.185669 -0.587858 0.304764 -0.587858
723 0.885098 0.461177 -0.804646 -0.228859 -0.804646
724 0.318628 0.012923 0.502216 0.418557 0.502216
725 0.453942 0.952064 0.31378 0.839415 0.31378
726 0.295097 0.00731923 -0.0640937 0.368898 -0.0640937
727 0.270179 0.169931 -0.249419 0.527839 -0.249419
728 0.00198529 0.950171 -0.440674 -1.11101 -0.440674
729 0.814684 0.329704 -0.834717 -0.131531 -0.834717
730 0.489667 0.138075 0.032 0.529151 0.032
731 0.393294 0.771682 0.206929 0.0353057 0.206929
732 0.3073 0.000712946 0.0818883 0.38772 0.0818883
733 0.906393 0.97216 -0.409156 -0.414719 -0.409156
734 6.23669e-06 0.632956 -1.18582 -1.23287 -1.18582
735 0.203518 0.987329 0.360316 -0.414193 0.360316
736 0.457122 0.140361 0.799296 0.520054 0.799296
737 0.628869 0.414933 0.876869 0.499809 0.876869
738 0.368557 0.452221 0.252648 0.426249 0.252648
739 0.630701 0.172117 -0.425526 0.347642 -0.425526
740 0.187858 0.450247 -0.531226 -0.431192 -0.531226
741 0.0100275 0.96564 -0.0394075 -1.12775 -0.0394075
742 0.898553 0.952084 0.0390067 -0.430348 0.0390067
743 0.993814 0.0747169 0.462046 -0.86465 0.462046
744 0.317173 0.669666 0.385938 -0.126822 0.385938
745 0.780167 0.746187 0.442187 0.135513 0.442187
746 0.997907 0.0714051 0.871169 -0.885255 0.871169
747 0.890803 0.763842 -0.216698 -0.821488 -0.216698
748 0.815187 0.33117 0.608906 -0.131963 0.608906
749 0.765623 0.936293 0.0750301 0.195276 0.0750301
750 0.295242 0.573674 -0.488422 -0.0792263 -0.488422
751 0.0223657 0.334497 -0.281451 -0.468067 -0.281451
752 0.25965 0.00250318 0.3955 0.292501 0.3955
753 0.812811 0.140243 -0.476704 -0.000930915 -0.476704
754 0.982537 0.324208 -0.334122 -0.784113 -0.334122
755 0.62533 0.602334 0.479994 0.541933 0.479994
756 0.00167921 0.650302 0.440537 -1.12115 0.440537
757 0.51438 0.0257929 -0.098391 0.727814 -0.098391
758 0.16957 0.478518 -0.355892 -0.694542 -0.355892
759 0.0405529 0.81187 -0.717944 -0.650821 -0.717944
760 0.635412 0.408894 -0.145023 0.471458 -0.145023
761 0.963131 0.294724 -1.1108 -0.757603 -1.1108
762 0.637732 0.369054 -0.517202 0.393286 -0.517202
763 0.185419 0.452092 -0.481891 -0.455471 -0.481891
764 0.0195697 0.403134 -0.641406 -1.07065 -0.641406
765 0.168847 0.675557 0.178869 -0.574701 0.178869
766 0.313253 0.90115 0.0523286 -0.00655362 0.0523286
767 0.647722 0.341928 0.180073 0.324682 0.180073
768 0.216197 0.991089 0.590677 -0.361805 0.590677
769 0.982268 0.0651534 0.0803099 -0.795855 0.0803099
770 0.390045 0.289209 -0.274697 0.479484 -0.274697
771 0.0362686 0.424749 -0.696857 -1.16288 -0.696857
772 0.678549 0.0110902 0.966551 0.654131 0.966551
773 0.645246 0.405302 0.741324 0.439808 0.741324
774 0.312812 0.983758 0.312252 0.13126 0.312252
775 0.888704 0.959012 0.364552 -0.369018 0.364552
776 0.809002 0.124669 0.477936 0.0473488 0.477936
777 0.410774 0.460456 0.261335 0.602699 0.261335
778 0.643927 0.411986 -0.0164243 0.454887 -0.0164243
779 0.379304 0.292125 0.535452 0.48232 0.535452
780 0.32378 0.902486 -0.407378 0.0463916 -0.407378
781 0.705177 0.170133 -0.531581 0.283088 -0.531581
782 0.500482 0.0298436 0.906728 0.729331 0.906728
783 0.200704 0.986831 -0.469221 -0.425558 -0.469221
784 0.542176 0.71699 0.24267 0.402317 0.24267
785 0.489638 0.151843 0.510737 0.505826 0.510737
786 0.227986 0.309964 0.139086 0.3786 0.139086
787 0.984035 0.32631 -1.1274 -0.78626 -1.1274
788 0.628414 0.596831 0.427867 0.542984 0.427867
789 0.492542 0.589862 0.523195 0.782339 0.523195
790 0.857882 0.773845 -0.484072 -0.521322 -0.484072
791 0.530703 0.717308 0.242823 0.402486 0.242823
792 0.858197 0.601359 -0.384331 -0.283611 -0.384331
793 0.739333 0.497714 -0.631341 0.278396 -0.631341
794 0.522227 0.0260773 0.54271 0.722227 0.54271
795 0.0152519 0.00086083 0.901121 -1.11395 0.901121
796 0.525709 0.0183893 1.05365 0.734466 1.05365
797 0.0131625 0.661071 -1.29491 -1.0238 -1.29491
798 0.89378 0.767231 -0.771197 -0.839299 -0.771197
799 0.294533 0.0134504 -0.0893317 0.373606 -0.0893317
800 0.910792 0.958187 0.0859115 -0.470976 0.0859115
801 0.326747 0.880992 -0.18386 0.0207335 -0.18386
802 0.273434 0.16221 0.423857 0.51753 0.423857
803 0.286832 0.588073 -0.272332 -0.136494 -0.272332
804 0.254981 0.762251 0.699563 -0.4267 0.699563
805 0.959508 0.291961 -0.970465 -0.747674 -0.970465
806 0.491281 0.142514 0.189382 0.521843 0.189382
807 0.184265 0.473975 0.155037 -0.571392 0.155037
808 0.523 0.0231772 -0.388312 0.727178 -0.388312
809 0.533916 0.202507 0.572416 0.379553 0.572416
810 0.376263 0.28914 0.391337 0.483431 0.391337
811 0.0125697 0.00830215 -1.2399 -1.08889 -1.2399
812 0.900069 0.9497 0.313904 -0.443291 0.313904
813 0.183745 0.0309462 -0.841231 -0.0405627 -0.841231
814 0.982202 0.164308 0.118999 -0.857066 0.118999
815 0.647599 0.169557 0.209494 0.337417 0.209494
816 0.73724 0.497693 0.172113 0.285548 0.172113
817 0.043022 0.113524 -1.19102 -0.388298 -1.19102
818 0.859134 0.600608 -0.536734 -0.287319 -0.536734
819 0.761741 0.744785 0.43264 0.297942 0.43264
820 0.147154 0.683068 -0.291473 -0.610791 -0.291473
821 0.293166 0.597157 -0.182213 -0.120142 -0.182213
822 0.00401112 0.659891 -0.874653 -1.05616 -0.874653
823 0.317112 0.887821 -0.0353288 -0.0112905 -0.0353288
824 0.708337 0.97963 0.144465 0.401537 0.144465
825 0.213847 0.99017 -0.070187 -0.371714 -0.070187
826 0.524433 0.0266593 0.342512 0.719711 0.342512
827 0.602059 0.871442 -1.3288 0.588007 -1.3288
828 0.901945 0.465677 -0.310986 -0.277934 -0.310986
829 0.0149345 0.648456 -1.32663 -1.0911 -1.32663
830 0.867816 0.606506 0.220555 -0.347066 0.220555
831 0.46627 0.932894 0.829117 0.838805 0.829117
832 0.636115 0.395511 0.343818 0.445193 0.343818
833 0.678884 0.00901409 0.313364 0.658448 0.313364
834 0.3026 0.91072 0.604837 -0.0426083 0.604837
835 0.169864 0.679526 0.0230949 -0.567029 0.0230949
836 0.768383 0.753744 0.22894 0.239364 0.22894
837 0.648686 0.338837 -0.00690351 0.317523 -0.00690351
838 0.204568 0.992921 -1.11957 -0.40869 -1.11957
839 0.474421 0.943389 -0.476215 0.91874 -0.476215
840 0.0501272 0.150777 -0.0757141 -0.178287 -0.0757141
841 0.0228386 0.00345821 0.020054 -1.05538 0.020054
842 0.390526 0.295565 0.20742 0.48073 0.20742
843 0.297826 0.142079 -0.39119 0.496037 -0.39119
844 0.146617 0.678141 -0.530819 -0.621744 -0.530819
845 0.0362841 0.810167 -0.780476 -0.651873 -0.780476
846 0.0280254 0.279567 -0.610756 0.0163021 -0.610756
847 0.9697 0.338187 -0.290911 -0.711355 -0.290911
848 0.19572 0.450273 -0.104873 -0.382447 -0.104873
849 0.246452 0.308734 -0.0342108 0.440165 -0.0342108
850 0.176577 0.0298399 0.18573 -0.0823158 0.18573
851 0.394582 0.803181 0.444097 0.123245 0.444097
852 0.861237 0.603999 -0.193081 -0.305383 -0.193081
853 0.263857 0.323882 -0.0801287 0.406729 -0.0801287
854 0.303981 0.0132302 0.152271 0.391178 0.152271
855 0.392339 0.75411 0.168836 -0.0140604 0.168836
856 0.00279388 0.644381 -0.151427 -1.15365 -0.151427
857 0.00304975 0.957952 -0.687192 -1.13048 -0.687192
858 0.0126268 0.980173 -0.830137 -1.15918 -0.830137
859 0.803824 0.322472 0.228712 -0.0969506 0.228712
860 0.671478 0.0128491 0.350167 0.654675 0.350167
861 0.467616 0.94988 -0.0352975 0.905544 -0.0352975
862 0.912494 0.976248 0.0924711 -0.429417 0.0924711
863 0.487777 0.145509 0.677091 0.516386 0.677091
864 0.631188 0.176679 1.15729 0.337669 1.15729
865 0.862491 0.950113 0.906608 -0.265531 0.906608
866 0.252352 0.759882 -0.497703 -0.437333 -0.497703
867 0.27546 0.155512 0.310388 0.509174 0.310388
868 0.745825 0.762687 0.921526 0.395022 0.921526
869 0.834076 0.320403 -0.551064 -0.216048 -0.551064
870 0.204937 0.995842 -0.610713 -0.406484 -0.610713
871 0.796382 0.130838 0.512649 0.0992536 0.512649
872 0.646005 0.189375 -1.35679 0.296954 -1.35679
873 0.405063 0.770924 0.402038 0.0716968 0.402038
874 0.471998 0.161395 0.44143 0.491839 0.44143
875 0.0060132 0.664231 -0.726954 -1.02464 -0.726954
876 0.480226 0.1629 0.436736 0.488459 0.436736
877 0.304248 0.590994 0.0797342 -0.0624147 0.0797342
878 0.808015 0.329568 -0.757334 -0.10611 -0.757334
879 0.955299 0.611956 -1.22085 -0.85912 -1.22085
880 0.327368 0.674491 0.0885789 -0.0965405 0.0885789
881 0.00997735 0.291422 -0.549657 -0.132202 -0.549657
882 0.739931 0.500287 0.31392 0.278416 0.31392
883 0.299536 0.00107146 0.782388 0.372107 0.782388
884 0.987523 0.0580207 0.353292 -0.82068 0.353292
885 0.934608 0.514754 -0.388407 -0.386208 -0.388407
886 0.203842 0.48821 -0.509008 -0.503873 -0.509008
887 0.0370391 0.606441 -0.466963 -1.23634 -0.466963
888 0.852017 0.778026 -0.231216 -0.465827 -0.231216
889 0.227286 0.32865 -0.626842 0.301503 -0.626842
890 0.173181 0.900239 -0.168238 -0.512526 -0.168238
891 0.969879 0.0716706 -0.950319 -0.732172 -0.950319
892 0.552851 0.372953 0.480629 0.590667 0.480629
893 0.261315 0.00249222 0.625343 0.295863 0.625343
894 0.0286233 0.142244 -0.632873 -0.296181 -0.632873
895 0.902946 0.761769 -0.8106 -0.931632 -0.8106
896 0.886308 0.741034 -0.996082 -0.790123 -0.996082
897 0.00601324 0.954757 -1.09875 -1.11065 -1.09875
898 0.136148 0.0327468 -0.429195 -0.291278 -0.429195
899 0.721651 0.985919 0.845693 0.34964 0.845693
900 0.0278737 0.418928 -1.1516 -1.16114 -1.1516
901 0.627004 0.41698 -0.252778 0.508649 -0.252778
902 0.300642 0.0196468 -0.287139 0.390449 -0.287139
903 0.802921 0.329545 -0.164436 -0.0866125 -0.164436
904 0.8133 0.331769 0.566936 -0.124136 0.566936
905 0.987567 0.073856 -1.01528 -0.830137 -1.01528
906 0.330878 0.67574 0.286666 -0.0856306 0.286666
907 0.00901311 0.618964 1.0305 -1.28327 1.0305
908 0.254177 0.777661 -0.401038 -0.413792 -0.401038
909 0.270722 0.598281 0.100524 -0.220414 0.100524
910 0.245688 0.310725 0.34864 0.430651 0.34864
911 0.491058 0.58247 0.541276 0.798908 0.541276
912 0.40722 0.775952 0.373567 0.0928467 0.373567
913 0.0564986 0.11296 -1.2976 -0.336716 -1.2976
914 0.30107 0.589404 -0.571808 -0.0743774 -0.571808
915 0.266675 0.147064 -0.339918 0.498368 -0.339918
916 0.0680492 0.152376 -0.148638 -0.10989 -0.148638
917 0.030801 0.80963 -0.80871 -0.657061 -0.80871
918 0.413939 0.776201 -0.651834 0.115884 -0.651834
919 0.420128 0.765522 0.684677 0.104855 0.684677
920 0.89078 0.963198 -0.497137 -0.36889 -0.497137
921 0.812029 0.329163 -0.452117 -0.121902 -0.452117
922 0.288626 0.599368 -0.471237 -0.143021 -0.471237
923 0.184612 0.0265442 -0.843261 -0.047486 -0.843261
924 0.817566 0.333583 0.428986 -0.138579 0.428986
925 0.97896 0.33235 -0.0366108 -0.756452 -0.0366108
926 0.990201 0.0786846 -0.269088 -0.847211 -0.269088
927 0.766416 0.932941 0.270108 0.192517 0.270108
928 0.627743 0.3707 -0.234809 0.418454 -0.234809
929 0.323103 0.896824 -0.169926 0.0328556 -0.169926
930 0.0205189 0.627029 -0.782622 -1.19293 -0.782622
931 0.175407 0.675031 -0.769291 -0.559921 -0.769291
932 0.177548 0.442571 -0.0500214 -0.456009 -0.0500214
933 0.162862 0.0188821 0.0412762 -0.189448 0.0412762
934 0.16329 0.439019 0.0452192 -0.522902 0.0452192
935 0.784105 0.134312 -0.932475 0.153882 -0.932475
936 0.620724 0.407254 -0.886949 0.506161 -0.886949
937 0.196133 0.483711 -0.478336 -0.537139 -0.478336
938 0.729037 0.964929 -0.07058 0.327336 -0.07058
939 0.158349 0.0270134 0.20935 -0.189727 0.20935
940 0.864321 0.775193 -0.261093 -0.573282 -0.261093
941 0.32663 0.988366 0.384295 0.21957 0.384295
942 0.886272 0.954699 -0.530086 -0.367412 -0.530086
943 0.906843 0.767255 -1.33039 -0.951164 -1.33039
944 0.999308 0.058852 -1.13002 -0.886691 -1.13002
945 0.0417189 0.115646 -0.586137 -0.382915 -0.586137
946 0.279725 0.164029 0.149768 0.518768 0.149768
947 0.611689 0.917666 -0.398825 0.655694 -0.398825
948 0.677221 0.00411358 1.03089 0.670129 1.03089
949 0.399154 0.771703 -0.0443129 0.0545324 -0.0443129
950 0.325824 0.897327 -0.242848 0.0466999 -0.242848
951 0.555526 0.357557 0.480639 0.544773 0.480639
952 0.862514 0.0175496 0.660839 -0.0643466 0.660839
953 0.870297 0.942133 -0.392156 -0.3169 -0.392156
954 0.476706 0.9624 0.800533 0.999786 0.800533
955 0.941488 0.563264 -0.699607 -0.594716 -0.699607
956 0.857769 0.779431 -0.168259 -0.511589 -0.168259
957 0.176075 0.446536 -1.3543 -0.485331 -1.3543
958 0.727534 0.97031 0.30185 0.331087 0.30185
959 0.305267 0.583991 -0.162142 -0.0477522 -0.162142
960 0.878293 0.0143973 -0.495639 -0.152489 -0.495639
961 0.252703 0.320738 0.213128 0.410463 0.213128
962 0.342405 0.877791 -0.5594 0.0855941 -0.5594
963 0.542651 0.201577 0.868932 0.372733 0.868932
964 0.273833 0.163318 0.128884 0.518838 0.128884
965 0.535967 0.698303 0.752039 0.452692 0.752039
966 0.614902 0.413932 -0.573521 0.534653 -0.573521
967 0.28889 0.592172 -0.500253 -0.132548 -0.500253
968 0.0178335 0.00996396 0.562027 -1.04952 0.562027
969 0.00785984 0.662655 -0.811849 -1.02904 -0.811849
970 0.600255 0.898059 0.384024 0.645952 0.384024
971 0.750767 0.743222 -0.886548 0.393647 -0.886548
972 0.74911 0.778137 0.576721 0.384986 0.576721
973 0.909259 0.764237 -1.10998 -0.979887 -1.10998
974 0.322747 0.995821 -0.863408 0.21045 -0.863408
975 0.959771 0.608951 -1.04874 -0.871999 -1.04874
976 0.904139 0.768797 -1.01225 -0.92406 -1.01225
977 0.408331 0.773507 -0.109828 0.0896408 -0.109828
978 0.0320213 0.314705 0.840179 -0.267574 0.840179
979 0.86974 0.579539 -0.637765 -0.30015 -0.637765
980 0.405293 0.961249 0.937575 0.602377 0.937575
981 0.000952256 0.622083 -0.44298 -1.29604 -0.44298
982 0.985103 0.155693 0.554401 -0.865792 0.554401
983 0.281147 0.592423 -0.641742 -0.167364 -0.641742
984 0.00694726 0.674195 -0.93956 -0.962871 -0.93956
985 0.820764 0.360245 -0.0690274 -0.122971 -0.0690274
986 0.863351 0.602594 -0.048323 -0.314296 -0.048323
987 0.63649 0.59947 -0.193005 0.524311 -0.193005
988 0.170699 0.882429 -1.06546 -0.51358 -1.06546
989 0.746256 0.766513 0.639273 0.392666 0.639273
990 0.0366385 0.315051 -0.0976576 -0.255646 -0.0976576
991 0.905835 0.763872 -0.928869 -0.951275 -0.928869
992 0.401833 0.797605 0.552705 0.134358 0.552705
993 0.485642 0.570957 -0.588907 0.809874 -0.588907
994 0.174034 0.675642 -0.372612 -0.562423 -0.372612
995 0.156232 0.667386 -0.0888936 -0.618355 -0.0888936
996 0.394901 0.292079 -0.270172 0.479055 -0.270172
997 0.400005 0.757886 -0.238386 0.0197069 -0.238386
998 0.620642 0.605919 0.391847 0.545811 0.391847
999 0.00424607 0.979921 -1.23046 -1.19108 -1.23046

