id x y phenotype1 envi phenotype2 
0 0.00158473 0.490995 0.826778 -1.85405 0.826778
1 0.937898 0.321174 0.504232 -0.522879 0.504232
2 0.0434989 0.803136 0.194862 -0.498939 0.194862
3 0.0124732 0.461625 -0.0772802 -1.80018 -0.0772802
4 0.618531 0.833794 0.0257363 0.466991 0.0257363
5 0.957082 0.0438162 0.317192 -0.520875 0.317192
6 0.967265 0.993905 -0.845423 -0.694139 -0.845423
7 0.179022 0.0431834 0.194289 -0.605099 0.194289
8 0.498639 0.162524 -0.276146 0.692637 -0.276146
9 0.675622 0.206254 -0.797334 0.185275 -0.797334
10 0.772323 0.0426536 0.308279 0.124674 0.308279
11 0.808539 0.0378587 0.763241 0.00393082 0.763241
12 0.922034 0.279299 0.150971 -0.497875 0.150971
13 0.33601 0.238955 -0.795332 0.12533 -0.795332
14 0.976499 0.853699 -0.441741 -0.595358 -0.441741
15 0.431789 0.536166 0.606731 0.729203 0.606731
16 0.780042 0.602653 0.114521 0.0406612 0.114521
17 0.979719 0.0490565 -0.0193285 -0.60076 -0.0193285
18 0.970218 0.736244 -0.877865 -0.490706 -0.877865
19 0.241797 0.346609 -1.13212 -0.280767 -1.13212
20 0.415966 0.985203 0.838622 0.367322 0.838622
21 0.46269 0.197874 -0.897277 0.577863 -0.897277
22 0.672699 0.378783 -1.35767 0.285845 -1.35767
23 0.279232 0.26983 0.524162 -0.0794947 0.524162
24 0.175457 0.753789 -1.18363 -0.543628 -1.18363
25 0.505619 0.121628 0.804043 0.648153 0.804043
26 0.799136 0.778799 -1.00508 0.0192608 -1.00508
27 0.823645 0.0498257 0.673298 -0.06247 0.673298
28 0.673583 0.372302 -0.790367 0.276037 -0.790367
29 0.982135 0.691194 0.265643 -0.541925 0.265643
30 0.678988 0.369205 -1.06743 0.251725 -1.06743
31 0.186217 0.048496 0.0641472 -0.605592 0.0641472
32 0.56738 0.942129 0.502827 0.432926 0.502827
33 0.427921 0.529361 0.605754 0.713091 0.605754
34 0.355346 0.456027 0.911481 0.306002 0.911481
35 0.622312 0.774931 0.110284 0.556561 0.110284
36 0.0381749 0.253891 0.835981 -1.72269 0.835981
37 0.774688 0.612048 0.80404 0.062197 0.80404
38 0.318015 0.84262 -0.230633 -0.0570599 -0.230633
39 0.940323 0.295099 -0.391379 -0.536246 -0.391379
40 0.539393 0.166284 -0.407859 0.593224 -0.407859
41 0.781716 0.770229 0.751072 0.0869662 0.751072
42 0.361881 0.0453832 0.0867248 -0.0630913 0.0867248
43 0.671292 0.418765 -0.15594 0.33057 -0.15594
44 0.97465 0.505037 -0.989733 -0.574769 -0.989733
45 0.947975 0.294838 0.444753 -0.554544 0.444753
46 0.171618 0.0454614 0.457401 -0.607522 0.457401
47 0.812171 0.57537 0.767808 -0.0703977 0.767808
48 0.252061 0.0199679 -0.710111 -0.633707 -0.710111
49 0.804 0.270293 -0.711686 -0.226625 -0.711686
50 0.0433374 0.193012 -1.23979 -1.39264 -1.23979
51 0.546767 0.967499 -0.788521 0.450486 -0.788521
52 0.223872 0.963382 -0.542134 -0.14967 -0.542134
53 0.938729 0.310577 -0.738203 -0.527972 -0.738203
54 0.893951 0.265233 -0.410816 -0.437598 -0.410816
55 0.560627 0.981238 -0.469307 0.385939 -0.469307
56 0.806623 0.275727 -0.946797 -0.229439 -0.946797
57 0.228833 0.970759 0.374386 -0.117878 0.374386
58 0.94219 0.858536 0.289392 -0.503325 0.289392
59 0.240164 0.00752681 -0.761295 -0.657126 -0.761295
60 0.28608 0.274954 1.02688 -0.0524178 1.02688
61 0.648226 0.0318849 -0.178241 0.365866 -0.178241
62 0.421905 0.517752 1.03973 0.689257 1.03973
63 0.219139 0.985358 0.795372 -0.121025 0.795372
64 0.394053 0.0629763 0.834006 0.113383 0.834006
65 0.551331 0.957486 -1.03464 0.454128 -1.03464
66 0.319072 0.474473 0.000780307 0.112935 0.000780307
67 0.490855 0.671966 -0.024994 0.965384 -0.024994
68 0.652654 0.04357 0.492765 0.352656 0.492765
69 0.298183 0.848632 0.0584532 -0.140224 0.0584532
70 0.860123 0.533848 0.180033 -0.232049 0.180033
71 0.422827 0.348566 0.35976 0.570776 0.35976
72 0.561745 0.937663 0.138579 0.457254 0.138579
73 0.206694 0.665272 0.0313732 -0.56878 0.0313732
74 0.409048 0.985971 -0.795255 0.351462 -0.795255
75 0.814852 0.042964 0.611254 -0.0241964 0.611254
76 0.0479134 0.256111 0.0762228 -1.65142 0.0762228
77 0.240605 0.0173832 -0.653661 -0.64138 -0.653661
78 0.312647 0.139938 0.577502 -0.135186 0.577502
79 0.394232 0.996349 0.314723 0.319018 0.314723
80 0.243162 0.0118936 -0.428228 -0.652932 -0.428228
81 0.655717 0.414789 0.0555451 0.390228 0.0555451
82 0.861289 0.534408 0.689964 -0.235191 0.689964
83 0.561358 0.945155 0.233664 0.445568 0.233664
84 0.882843 0.283905 -0.427417 -0.404042 -0.427417
85 0.0308053 0.355292 0.528209 -1.72996 0.528209
86 0.337899 0.255162 0.123534 0.151934 0.123534
87 0.00660971 0.226256 -0.0894092 -1.80026 -0.0894092
88 0.552376 0.0260937 -0.457841 0.501713 -0.457841
89 0.371706 0.0315907 -0.906876 -0.0365811 -0.906876
90 0.0684811 0.387934 0.184247 -1.46141 0.184247
91 0.798072 0.263954 -0.187059 -0.216809 -0.187059
92 0.21908 0.0320763 0.513496 -0.611089 0.513496
93 0.983042 0.965725 0.0513889 -0.706888 0.0513889
94 0.934826 0.314254 0.291892 -0.517434 0.291892
95 0.242589 0.347889 -0.598821 -0.27573 -0.598821
96 0.321346 0.478038 0.374645 0.126156 0.374645
97 0.71826 0.986047 -0.53654 -0.088779 -0.53654
98 0.980728 0.00894833 -0.579677 -0.596904 -0.579677
99 0.380666 0.0363051 -0.0261449 0.013111 -0.0261449
100 0.377673 0.0492524 0.593438 0.0173168 0.593438
101 0.817092 0.406017 0.0766138 -0.17849 0.0766138
102 0.331432 0.229694 -1.24672 0.092327 -1.24672
103 0.971641 0.0575545 0.850473 -0.574865 0.850473
104 0.481622 0.655971 0.502316 0.921735 0.502316
105 0.412246 0.974509 -0.376429 0.361057 -0.376429
106 0.986934 0.866035 -0.678663 -0.634864 -0.678663
107 0.323246 0.834732 -0.521985 -0.0427787 -0.521985
108 0.785654 0.766357 -0.3103 0.0807171 -0.3103
109 0.955872 0.303234 1.27063 -0.571266 1.27063
110 0.0098925 0.979493 -0.83499 -0.862017 -0.83499
111 0.492768 0.63933 0.156953 1.00274 0.156953
112 0.253395 0.487458 0.0214336 -0.255189 0.0214336
113 0.424258 0.527323 -0.469078 0.693778 -0.469078
114 0.857951 0.533769 0.642664 -0.225751 0.642664
115 0.434527 0.807222 0.125547 0.514303 0.125547
116 0.794917 0.270745 -1.46373 -0.205238 -1.46373
117 0.960239 0.716025 0.147431 -0.465345 0.147431
118 0.0180672 0.501521 0.272294 -1.73664 0.272294
119 0.0523498 0.368621 -0.0963463 -1.57728 -0.0963463
120 0.969796 0.354994 0.120621 -0.593566 0.120621
121 0.977943 0.000818444 -0.826084 -0.585004 -0.826084
122 0.8291 0.404412 -0.0256109 -0.211149 -0.0256109
123 0.946138 0.745179 0.36473 -0.410747 0.36473
124 0.981822 0.0409619 -0.293393 -0.606595 -0.293393
125 0.39613 0.0466097 1.04996 0.100958 1.04996
126 0.62109 0.789485 0.876266 0.535266 0.876266
127 0.322813 0.846386 -0.44381 -0.0293795 -0.44381
128 0.799048 0.0504832 0.471811 0.021567 0.471811
129 0.617033 0.785158 0.537235 0.554687 0.537235
130 0.493437 0.621735 -0.748969 1.02058 -0.748969
131 0.00676693 0.710007 -0.310393 -0.618632 -0.310393
132 0.496985 0.649487 0.79107 1.02041 0.79107
133 0.22525 0.578574 -0.299933 -0.485261 -0.299933
134 0.623347 0.0431732 -0.400945 0.398367 -0.400945
135 0.942019 0.295128 0.542988 -0.540277 0.542988
136 0.970334 0.00601911 -4.16751e-05 -0.557835 -4.16751e-05
137 0.498897 0.652029 0.893386 1.03008 0.893386
138 0.190248 0.769024 -0.0909228 -0.53455 -0.0909228
139 0.556587 0.980119 -0.149392 0.399812 -0.149392
140 0.960721 0.0575944 1.32856 -0.537697 1.32856
141 0.389088 0.416137 -0.144499 0.461257 -0.144499
142 0.985297 0.833252 0.553923 -0.603364 0.553923
143 0.718243 0.17823 -0.424472 0.0854569 -0.424472
144 0.960086 0.283078 -1.12458 -0.586191 -1.12458
145 0.841394 0.420563 0.0108493 -0.235221 0.0108493
146 0.00262905 0.828429 -0.270535 -0.557791 -0.270535
147 0.562381 0.949541 -0.769993 0.435029 -0.769993
148 0.972941 0.325481 0.817733 -0.607637 0.817733
149 0.833672 0.550833 -0.834628 -0.146488 -0.834628
150 0.730235 0.998874 0.39864 -0.146156 0.39864
151 0.985053 0.878725 -0.097635 -0.640093 -0.097635
152 0.195233 0.9933 0.55991 -0.194924 0.55991
153 0.0472134 0.198362 -0.295417 -1.3991 -0.295417
154 0.966191 0.516052 0.76971 -0.546973 0.76971
155 0.419684 0.968874 -0.527797 0.381228 -0.527797
156 0.617557 0.59144 -0.471451 0.632357 -0.471451
157 0.0198948 0.467558 1.11571 -1.74929 1.11571
158 0.825479 0.0174413 -0.996485 -0.0333547 -0.996485
159 0.242579 0.35697 -0.304153 -0.278778 -0.304153
160 0.677484 0.236234 -0.613243 0.154604 -0.613243
161 0.00361739 0.822554 -0.317421 -0.544516 -0.317421
162 0.964935 0.325043 1.1009 -0.588087 1.1009
163 0.551188 0.0184719 -0.385638 0.500241 -0.385638
164 0.413488 0.949563 -0.217064 0.369775 -0.217064
165 0.559303 0.936352 0.748911 0.466727 0.748911
166 0.316224 0.841508 -0.834032 -0.0671285 -0.834032
167 0.0115435 0.826674 0.697719 -0.549121 0.697719
168 0.891699 0.261654 -0.662205 -0.433828 -0.662205
169 0.660952 0.411753 0.351371 0.365801 0.351371
170 0.945044 0.29257 0.936186 -0.548187 0.936186
171 0.326815 0.835366 -0.709967 -0.0246336 -0.709967
172 0.969965 0.00173295 -0.566141 -0.555412 -0.566141
173 0.388631 0.0499319 0.705247 0.0700359 0.705247
174 0.321701 0.8264 -0.942656 -0.0615377 -0.942656
175 0.967361 0.997605 -0.0772007 -0.697652 -0.0772007
176 0.950692 0.74544 -0.927836 -0.42526 -0.927836
177 0.649191 0.0533321 -0.366881 0.35267 -0.366881
178 0.365047 0.0385334 -0.300603 -0.0582439 -0.300603
179 0.305848 0.259271 0.791445 0.026852 0.791445
180 0.314079 0.84843 -0.0164649 -0.0670559 -0.0164649
181 0.644723 0.0504864 0.484459 0.361489 0.484459
182 0.417518 0.541296 0.885418 0.641288 0.885418
183 0.885584 0.259167 -0.900649 -0.420783 -0.900649
184 0.21535 0.659085 0.159223 -0.553413 0.159223
185 0.389259 0.420006 -0.0992028 0.464758 -0.0992028
186 0.0118488 0.462554 -0.111083 -1.80373 -0.111083
187 0.6131 0.379693 0.0562991 0.523519 0.0562991
188 0.477431 0.198257 -0.737383 0.638591 -0.737383
189 0.694696 0.224039 -0.0703343 0.107508 -0.0703343
190 0.780177 0.761917 0.355723 0.105064 0.355723
191 0.315687 0.850221 -0.929322 -0.0570166 -0.929322
192 0.213821 0.664004 0.51112 -0.557521 0.51112
193 0.348273 0.258637 -0.167039 0.193799 -0.167039
194 0.988206 0.835458 -0.736821 -0.613587 -0.736821
195 0.798459 0.788093 -0.868476 0.00716555 -0.868476
196 0.987925 0.0150368 0.164662 -0.624314 0.164662
197 0.739299 0.996522 0.730233 -0.168956 0.730233
198 0.294648 0.829101 0.674139 -0.192001 0.674139
199 0.633153 0.0505007 -0.560001 0.380268 -0.560001
200 0.806302 0.554643 -0.768191 -0.0639964 -0.768191
201 0.746364 0.995873 0.659198 -0.188752 0.659198
202 0.965488 0.0423458 0.667137 -0.54977 0.667137
203 0.418403 0.801489 -0.692926 0.430095 -0.692926
204 0.208479 0.396445 -0.517741 -0.520302 -0.517741
205 0.3618 0.0430015 -0.34131 -0.0670421 -0.34131
206 0.241336 0.350634 -1.03638 -0.285245 -1.03638
207 0.715533 0.207501 -0.0254577 0.0581198 -0.0254577
208 0.00375822 0.988093 -0.917897 -0.901971 -0.917897
209 0.964266 0.0485875 0.816039 -0.547249 0.816039
210 0.963582 0.732853 0.937664 -0.470586 0.937664
211 0.694851 0.190836 0.38464 0.140111 0.38464
212 0.226274 0.576503 0.470536 -0.479743 0.470536
213 0.164764 0.0540662 0.033008 -0.617111 0.033008
214 0.252017 0.482775 0.65534 -0.26136 0.65534
215 0.0645121 0.260073 -0.5524 -1.53025 -0.5524
216 0.501771 0.147223 0.298099 0.679934 0.298099
217 0.0504159 0.209363 -1.1399 -1.43574 -1.1399
218 0.993467 0.0173449 -0.659465 -0.644817 -0.659465
219 0.407918 0.977057 0.586745 0.350077 0.586745
220 0.266566 0.494659 -0.886065 -0.182624 -0.886065
221 0.305736 0.257056 0.146322 0.0262807 0.146322
222 0.0499867 0.197621 -0.69516 -1.3803 -0.69516
223 0.423925 0.797245 -0.378503 0.461812 -0.378503
224 0.667077 0.400248 0.401207 0.329452 0.401207
225 0.250529 0.503534 0.292006 -0.280531 0.292006
226 0.408464 0.973256 -0.927206 0.351931 -0.927206
227 0.244891 0.486195 -0.593891 -0.306429 -0.593891
228 0.791765 0.609458 -0.303746 0.00913102 -0.303746
229 0.590785 0.585819 0.252298 0.736567 0.252298
230 0.308279 0.262525 -0.50259 0.0366825 -0.50259
231 0.614311 0.595608 0.942342 0.644233 0.942342
232 0.946664 0.731455 -0.0550496 -0.417108 -0.0550496
233 0.663098 0.362042 -0.522451 0.307156 -0.522451
234 0.298241 0.125057 0.357426 -0.224005 0.357426
235 0.626982 0.778458 -0.499041 0.536691 -0.499041
236 0.411083 0.999436 -0.0535575 0.353566 -0.0535575
237 0.763609 0.995958 -0.675529 -0.230745 -0.675529
238 0.49335 0.6334 -1.10656 1.01092 -1.10656
239 0.973017 0.851862 0.707712 -0.583936 0.707712
240 0.5544 0.973048 -0.391657 0.418393 -0.391657
241 0.222692 0.943444 0.19255 -0.194399 0.19255
242 0.232722 0.989851 -0.953412 -0.0620451 -0.953412
243 0.217332 0.773073 0.884744 -0.541997 0.884744
244 0.555606 0.0374752 0.641886 0.501405 0.641886
245 0.986303 0.870491 0.0430792 -0.636762 0.0430792
246 0.673389 0.378778 -0.612099 0.283099 -0.612099
247 0.427995 0.504758 -0.108483 0.736579 -0.108483
248 0.739798 0.987276 0.447093 -0.154618 0.447093
249 0.414596 0.969351 0.133001 0.368104 0.133001
250 0.616598 0.375309 0.463756 0.504598 0.463756
251 0.0192303 0.485535 -1.04532 -1.74464 -1.04532
252 0.446642 0.385881 0.246137 0.721689 0.246137
253 0.247664 0.0267726 0.0862506 -0.629191 0.0862506
254 0.0688976 0.371948 -0.286236 -1.46361 -0.286236
255 0.549036 0.984506 -0.657973 0.414643 -0.657973
256 0.0600736 0.373664 -0.515923 -1.52297 -0.515923
257 0.255021 0.474993 -0.381349 -0.242056 -0.381349
258 0.00890531 0.982612 0.27263 -0.871884 0.27263
259 0.252771 0.49101 -0.744125 -0.259897 -0.744125
260 0.477537 0.655169 -0.127883 0.897495 -0.127883
261 0.211505 0.0504302 -0.470566 -0.597146 -0.470566
262 0.193663 0.766853 0.540596 -0.539735 0.540596
263 0.388641 0.0665273 1.38717 0.0930435 1.38717
264 0.251328 0.503753 0.450124 -0.276245 0.450124
265 0.240474 0.355587 -1.03301 -0.292755 -1.03301
266 0.611645 0.769822 0.567348 0.596899 0.567348
267 0.387998 0.0598463 0.298825 0.0807889 0.298825
268 0.473553 0.167944 0.518969 0.591726 0.518969
269 0.320085 0.842733 -0.87491 -0.0471262 -0.87491
270 0.486414 0.652071 1.02549 0.954066 1.02549
271 0.582542 0.0355202 -0.346556 0.460907 -0.346556
272 0.21793 0.650927 0.0429286 -0.545552 0.0429286
273 0.408933 0.959842 -0.510546 0.355091 -0.510546
274 0.22766 0.392743 -0.334463 -0.390718 -0.334463
275 0.817519 0.0400001 0.772942 -0.0301241 0.772942
276 0.720148 0.983339 0.616598 -0.0897334 0.616598
277 0.424234 0.806666 -0.0454312 0.459638 -0.0454312
278 0.197234 0.366137 -0.864189 -0.590813 -0.864189
279 0.948702 0.748958 0.163551 -0.41769 0.163551
280 0.918649 0.993228 -0.408922 -0.581979 -0.408922
281 0.425863 0.337899 -0.515706 0.574607 -0.515706
282 0.430214 0.812663 -0.878914 0.488502 -0.878914
283 0.674947 0.38238 -0.960281 0.2804 -0.960281
284 0.810577 0.0661751 -0.639149 -0.0367094 -0.639149
285 0.522261 0.136872 -0.64016 0.620097 -0.64016
286 0.196415 0.356595 0.336846 -0.59489 0.336846
287 0.2242 0.64662 -1.04679 -0.530766 -1.04679
288 0.599717 0.587025 -0.624565 0.701761 -0.624565
289 0.00660086 0.709344 -0.781038 -0.622453 -0.781038
290 0.238095 0.349678 -1.29476 -0.30722 -1.29476
291 0.410133 0.96767 0.923383 0.357019 0.923383
292 0.32062 0.231231 0.512674 0.0521022 0.512674
293 0.17043 0.777786 0.065364 -0.514122 0.065364
294 0.868321 0.533974 0.601519 -0.255901 0.601519
295 0.623786 0.816704 -0.417047 0.480688 -0.417047
296 0.952253 0.285449 -1.16601 -0.567146 -1.16601
297 0.37893 0.0385021 0.212638 0.00794103 0.212638
298 0.796195 0.0433699 1.22202 0.0404053 1.22202
299 0.183322 0.0514311 0.653792 -0.607386 0.653792
300 0.20136 0.995755 0.746586 -0.1679 0.746586
301 0.210272 0.669266 0.946182 -0.564129 0.946182
302 0.558625 0.927461 0.386426 0.483961 0.386426
303 0.546163 0.0220819 -0.425497 0.508476 -0.425497
304 0.239283 0.0129601 -0.542837 -0.647424 -0.542837
305 0.386121 0.989078 0.285635 0.300343 0.285635
306 0.499281 0.656489 -0.10767 1.02898 -0.10767
307 0.412683 0.964435 -0.617127 0.36428 -0.617127
308 0.190975 0.775893 -0.107247 -0.525037 -0.107247
309 0.977704 0.741354 -0.12289 -0.513092 -0.12289
310 0.198864 0.986279 1.12476 -0.192515 1.12476
311 0.0210159 0.509197 0.597387 -1.67753 0.597387
312 0.399276 0.0548576 0.489224 0.126896 0.489224
313 0.313613 0.825663 -1.17136 -0.103103 -1.17136
314 0.556898 0.959454 -1.35445 0.434283 -1.35445
315 0.208351 0.396123 0.794336 -0.521095 0.794336
316 0.99985 0.489747 -0.803304 -0.650088 -0.803304
317 0.949433 0.8676 0.380906 -0.532307 0.380906
318 0.653015 0.40801 0.83593 0.394237 0.83593
319 0.557048 0.970288 0.0758732 0.415284 0.0758732
320 0.798452 0.0392893 0.628367 0.0376473 0.628367
321 0.242615 0.35813 -0.210765 -0.278911 -0.210765
322 0.234803 0.985557 -0.821059 -0.0642065 -0.821059
323 0.610829 0.781234 -0.587306 0.579779 -0.587306
324 0.356456 0.98928 -0.40668 0.23496 -0.40668
325 0.670122 0.373741 -0.394391 0.291123 -0.394391
326 0.411804 0.994645 0.394794 0.35598 0.394794
327 0.607724 0.591907 0.638065 0.669996 0.638065
328 0.677094 0.369847 -0.0734432 0.259807 -0.0734432
329 0.443181 0.386606 0.133232 0.705578 0.133232
330 0.198403 0.987439 1.08665 -0.19234 1.08665
331 0.0215591 0.21987 0.108315 -1.66645 0.108315
332 0.605348 0.830789 -0.772314 0.511169 -0.772314
333 0.235996 0.35664 -0.127893 -0.323766 -0.127893
334 0.00974934 0.711959 -0.727357 -0.606989 -0.727357
335 0.378511 0.0354836 0.435397 0.00163642 0.435397
336 0.859491 0.520621 1.25821 -0.236291 1.25821
337 0.778249 0.621914 -0.759685 0.057069 -0.759685
338 0.318662 0.234024 -1.04332 0.0490604 -1.04332
339 0.850369 0.522418 0.515931 -0.209004 0.515931
340 0.596673 0.826039 0.222757 0.544989 0.222757
341 0.501052 0.625866 -0.896806 1.05305 -0.896806
342 0.22101 0.0373174 -0.296594 -0.606542 -0.296594
343 0.799432 0.0399243 -0.0683798 0.0334136 -0.0683798
344 0.673272 0.239171 -0.324442 0.166793 -0.324442
345 0.782713 0.0258679 -0.634021 0.110974 -0.634021
346 0.00991717 0.501523 -0.0709319 -1.78778 -0.0709319
347 0.988659 0.0460717 -0.309085 -0.631233 -0.309085
348 0.207027 0.659775 -0.107002 -0.567677 -0.107002
349 0.349255 0.251141 -0.141771 0.1948 -0.141771
350 0.256938 0.488016 0.0713222 -0.235385 0.0713222
351 0.182042 0.046168 0.550436 -0.60591 0.550436
352 0.797811 0.0445135 0.255585 0.0333324 0.255585
353 0.224733 0.0435609 0.0681142 -0.600051 0.0681142
354 0.784591 0.621364 0.688331 0.0374969 0.688331
355 0.0277075 0.211205 -0.002521 -1.57888 -0.002521
356 0.0586481 0.363595 0.273335 -1.53618 0.273335
357 0.411999 0.804265 1.34286 0.394751 1.34286
358 0.930805 0.27833 -0.614102 -0.518737 -0.614102
359 0.205721 0.665454 -0.905819 -0.570277 -0.905819
360 0.0464366 0.205589 -0.532012 -1.4399 -0.532012
361 0.971353 0.0051164 -0.206998 -0.561399 -0.206998
362 0.707442 0.175088 0.00186891 0.120019 0.00186891
363 0.017829 0.9845 1.08825 -0.843811 1.08825
364 0.936667 0.318441 -0.346037 -0.520671 -0.346037
365 0.00576307 0.814633 0.886867 -0.52672 0.886867
366 0.665213 0.364662 -0.474555 0.301481 -0.474555
367 0.057594 0.358026 -0.715195 -1.54535 -0.715195
368 0.966786 0.0470348 0.429482 -0.555549 0.429482
369 0.545524 0.0232159 -0.858624 0.509863 -0.858624
370 0.549032 0.976807 -0.29151 0.427841 -0.29151
371 0.976389 0.347503 0.230177 -0.611708 0.230177
372 0.83321 0.410467 -0.0652202 -0.218736 -0.0652202
373 0.200765 0.06474 -0.711058 -0.597026 -0.711058
374 0.373529 0.0409896 -0.196011 -0.0142214 -0.196011
375 0.00840158 0.985786 0.0956061 -0.880241 0.0956061
376 0.79799 0.0104886 -0.548552 0.0754347 -0.548552
377 0.947309 0.859436 1.05463 -0.518542 1.05463
378 0.307475 0.134585 0.488086 -0.16688 0.488086
379 0.956626 0.860287 0.0801967 -0.545421 0.0801967
380 0.415305 0.966628 -0.0308219 0.370616 -0.0308219
381 0.626341 0.837259 0.757027 0.437934 0.757027
382 0.0542223 0.366486 -0.382824 -1.56532 -0.382824
383 0.617008 0.593414 -0.709718 0.634219 -0.709718
384 0.206467 0.772655 -0.0281347 -0.537415 -0.0281347
385 0.0115074 0.721455 0.748659 -0.553841 0.748659
386 0.967641 0.981629 -0.657061 -0.684088 -0.657061
387 0.810789 0.0638669 -0.658988 -0.034695 -0.658988
388 0.434116 0.511207 -0.291659 0.765765 -0.291659
389 0.389894 0.0401784 0.992867 0.0625593 0.992867
390 0.194673 0.768082 0.356417 -0.538486 0.356417
391 0.963903 0.73649 0.932208 -0.470458 0.932208
392 0.0570986 0.375024 0.199934 -1.54268 0.199934
393 0.408888 0.510141 0.317879 0.621607 0.317879
394 0.614985 0.811744 -1.65163 0.51524 -1.65163
395 0.662152 0.416614 -0.901898 0.365809 -0.901898
396 0.162517 0.0526597 0.489804 -0.616709 0.489804
397 0.0365475 0.960384 0.811641 -0.739902 0.811641
398 0.0617922 0.374082 -0.00858138 -1.51116 -0.00858138
399 0.935929 0.319262 -0.10717 -0.518631 -0.10717
400 0.220995 0.568997 -0.555915 -0.49754 -0.555915
401 0.429121 0.996748 1.5304 0.391538 1.5304
402 0.81879 0.78081 -0.401695 -0.0446642 -0.401695
403 0.227537 0.56769 0.28314 -0.468365 0.28314
404 0.293497 0.259979 0.204937 -0.0218441 0.204937
405 0.00897705 0.21303 -0.201321 -1.70105 -0.201321
406 0.551038 0.0221778 -1.04143 0.501958 -1.04143
407 0.777079 0.616176 0.757617 0.0573333 0.757617
408 0.635311 0.836476 -0.00294793 0.412715 -0.00294793
409 0.215392 0.663261 0.546943 -0.554807 0.546943
410 0.981379 0.49362 0.481502 -0.596803 0.481502
411 0.825081 0.0216076 -0.46328 -0.0364741 -0.46328
412 0.214348 0.947947 0.0953372 -0.209157 0.0953372
413 0.361347 0.413209 -0.924282 0.318215 -0.924282
414 0.243756 0.988299 -1.04881 -0.0252023 -1.04881
415 0.224757 0.961609 -1.03828 -0.150574 -1.03828
416 0.947747 0.288011 0.031075 -0.55583 0.031075
417 0.782717 0.754044 -0.752657 0.109509 -0.752657
418 0.614061 0.60793 0.591283 0.643471 0.591283
419 0.677162 0.373356 -0.668924 0.262911 -0.668924
420 0.0228858 0.642042 0.1388 -0.970761 0.1388
421 0.630821 0.774898 -0.220525 0.531418 -0.220525
422 0.879676 0.252099 -1.21692 -0.410252 -1.21692
423 0.971321 0.750207 0.693399 -0.490186 0.693399
424 0.969701 0.039494 0.591846 -0.563786 0.591846
425 0.423755 0.338874 0.0934624 0.565982 0.0934624
426 0.884912 0.26433 -0.339598 -0.417084 -0.339598
427 0.322337 0.239712 -1.0385 0.0730119 -1.0385
428 0.523507 0.121869 0.176213 0.606818 0.176213
429 0.935108 0.316713 -0.0604649 -0.517385 -0.0604649
430 0.744483 0.985905 -0.187321 -0.166135 -0.187321
431 0.228948 0.966863 -0.129474 -0.125975 -0.129474
432 0.164377 0.768089 -0.548719 -0.520757 -0.548719
433 0.0211481 0.488264 0.023433 -1.73108 0.023433
434 0.336591 0.239275 -1.01577 0.128124 -1.01577
435 0.880882 0.262324 0.744791 -0.408637 0.744791
436 0.220798 0.984754 1.32855 -0.116277 1.32855
437 0.387833 0.0604317 1.22658 0.0808303 1.22658
438 0.252231 0.471781 0.533268 -0.256439 0.533268
439 0.973856 0.957105 -0.472438 -0.677396 -0.472438
440 0.935068 0.318913 -0.165369 -0.516635 -0.165369
441 0.949084 0.983455 0.180865 -0.642446 0.180865
442 0.555831 0.984813 -0.294097 0.394011 -0.294097
443 0.429489 0.333695 0.558871 0.586902 0.558871
444 0.892327 0.262429 -1.18864 -0.434964 -1.18864
445 0.322673 0.157381 -0.320598 -0.0626547 -0.320598
446 0.224261 0.965981 -1.31065 -0.143013 -1.31065
447 0.0331563 0.457303 -0.126502 -1.66844 -0.126502
448 0.219981 0.578392 -0.328529 -0.506467 -0.328529
449 0.277078 0.259851 0.24521 -0.0866129 0.24521
450 0.620216 0.839093 0.809406 0.452929 0.809406
451 0.238934 0.991181 -1.1034 -0.0360026 -1.1034
452 0.480327 0.15932 0.250289 0.611742 0.250289
453 0.788291 0.00621698 -0.221367 0.116742 -0.221367
454 0.557247 0.929476 0.611395 0.484589 0.611395
455 0.808905 0.0712624 -0.335974 -0.0371624 -0.335974
456 0.411324 0.344926 -0.00947433 0.514747 -0.00947433
457 0.41753 0.982997 0.422217 0.371536 0.422217
458 0.978965 0.0222458 0.0140089 -0.592971 0.0140089
459 0.611041 0.779195 0.607453 0.58264 0.607453
460 0.0517826 0.238061 -0.240895 -1.5676 -0.240895
461 0.661506 0.417774 0.929686 0.369617 0.929686
462 0.413131 0.513804 -0.786112 0.642458 -0.786112
463 0.297091 0.480137 -0.296798 -0.00886437 -0.296798
464 0.315525 0.260538 -1.06898 0.0651538 -1.06898
465 0.439514 0.333241 0.134233 0.631474 0.134233
466 0.406799 0.794709 -1.18161 0.367827 -1.18161
467 0.36197 0.0500916 0.0323456 -0.0556195 0.0323456
468 0.969626 0.0412132 1.0161 -0.563946 1.0161
469 0.955825 0.0220159 -0.494907 -0.509317 -0.494907
470 0.50777 0.154948 1.20265 0.670957 1.20265
471 0.0279583 0.360729 0.812741 -1.74695 0.812741
472 0.498721 0.648221 -0.679123 1.03194 -0.679123
473 0.221163 0.965585 -0.913343 -0.153805 -0.913343
474 0.424549 0.980286 0.734067 0.388905 0.734067
475 0.334175 0.49646 -0.762372 0.202543 -0.762372
476 0.00772118 0.991369 -0.805556 -0.894327 -0.805556
477 0.192664 0.985517 0.135197 -0.216061 0.135197
478 0.961433 0.293515 -0.254156 -0.586907 -0.254156
479 0.668744 0.41089 0.49966 0.333229 0.49966
480 0.417331 0.992706 1.48241 0.368229 1.48241
481 0.774694 0.617626 0.461007 0.0653928 0.461007
482 0.96463 0.0462049 0.478997 -0.547846 0.478997
483 0.764902 0.0441768 0.469047 0.148379 0.469047
484 0.721116 0.205866 0.29221 0.0425248 0.29221
485 0.807687 0.0620013 -0.0208644 -0.0220118 -0.0208644
486 0.992227 0.00696153 0.490869 -0.639101 0.490869
487 0.422988 0.809804 0.383163 0.451753 0.383163
488 0.549702 0.961171 -0.734053 0.452638 -0.734053
489 0.408611 0.994965 0.546629 0.349184 0.546629
490 0.542705 0.0208775 -0.883777 0.512537 -0.883777
491 0.627301 0.847749 0.107777 0.417135 0.107777
492 0.388054 0.0354029 1.2073 0.047175 1.2073
493 0.887536 0.262996 -0.878069 -0.423691 -0.878069
494 0.786647 0.00208354 0.430843 0.128302 0.430843
495 0.789503 0.0440917 0.372022 0.0628023 0.372022
496 0.0141901 0.651053 0.469316 -0.940441 0.469316
497 0.0135002 0.641679 -0.582793 -0.993405 -0.582793
498 0.579594 0.612492 0.345795 0.77106 0.345795
499 0.610939 0.818538 0.612671 0.515587 0.612671
500 0.412137 0.984576 0.571724 0.358736 0.571724
501 0.777989 0.610769 0.490996 0.0514843 0.490996
502 0.998695 0.479837 -0.307857 -0.648253 -0.307857
503 0.562955 0.0284533 -0.132436 0.487759 -0.132436
504 0.42612 0.803881 -0.163415 0.470952 -0.163415
505 0.00701961 0.803241 -0.166186 -0.50244 -0.166186
506 0.21262 0.399193 0.526449 -0.493144 0.526449
507 0.998887 0.833434 0.133379 -0.642896 0.133379
508 0.325263 0.147412 -0.222352 -0.0680827 -0.222352
509 0.178093 0.045375 0.191121 -0.606312 0.191121
510 0.605885 0.820149 0.308103 0.527795 0.308103
511 0.498014 0.650054 1.21024 1.02623 1.21024
512 0.776701 0.623253 -0.490771 0.0625388 -0.490771
513 0.809385 0.0443816 0.417258 -0.0068014 0.417258
514 0.794652 0.424327 0.490477 -0.107532 0.490477
515 0.799181 0.748673 -1.11167 0.0623114 -1.11167
516 0.550949 0.00272841 -0.880878 0.494077 -0.880878
517 0.186449 0.986775 -0.570397 -0.236735 -0.570397
518 0.61483 0.798622 0.908074 0.538161 0.908074
519 0.207133 0.778817 -0.303058 -0.526924 -0.303058
520 0.029201 0.496737 -1.01758 -1.67593 -1.01758
521 0.252993 0.491292 -0.833973 -0.25873 -0.833973
522 0.729624 0.989995 0.0608595 -0.129159 0.0608595
523 0.982645 0.33191 0.0268788 -0.630269 0.0268788
524 0.965478 0.284383 -0.0813593 -0.598587 -0.0813593
525 0.629283 0.608992 0.232971 0.586401 0.232971
526 0.652403 0.707155 1.02822 0.507021 1.02822
527 0.830737 0.398472 0.428874 -0.218719 0.428874
528 0.968387 0.357083 0.105902 -0.589553 0.105902
529 0.419095 0.348766 -0.318619 0.553777 -0.318619
530 0.479159 0.163065 1.14401 0.61051 1.14401
531 0.194868 0.993262 0.142342 -0.196351 0.142342
532 0.0411203 0.955549 0.349829 -0.718682 0.349829
533 0.432486 0.529098 1.18073 0.739805 1.18073
534 0.798949 0.566369 -0.167951 -0.0359741 -0.167951
535 0.607163 0.768606 -0.69891 0.612254 -0.69891
536 0.205031 0.777501 0.34609 -0.528387 0.34609
537 0.856116 0.525713 0.73833 -0.224143 0.73833
538 0.972791 0.00971138 -0.877318 -0.567791 -0.877318
539 0.975524 0.735326 0.00799521 -0.507929 0.00799521
540 0.61756 0.775709 0.302904 0.569302 0.302904
541 0.425812 0.532019 0.327527 0.698359 0.327527
542 0.671872 0.4155 0.820363 0.325008 0.820363
543 0.0197884 0.651638 0.394825 -0.926477 0.394825
544 0.818675 0.777542 -0.0949212 -0.0395653 -0.0949212
545 0.0203113 0.808112 0.138331 -0.510185 0.138331
546 0.191857 0.77371 -0.491473 -0.528612 -0.491473
547 0.0620877 0.249838 0.0216002 -1.5504 0.0216002
548 0.958614 0.739417 1.76804 -0.452614 1.76804
549 0.966235 0.993623 0.574103 -0.691526 0.574103
550 0.93269 0.306339 -0.845819 -0.514651 -0.845819
551 0.245357 0.00298763 0.0512815 -0.671222 0.0512815
552 0.40912 0.797703 0.801287 0.380248 0.801287
553 0.670726 0.367235 -0.894739 0.282351 -0.894739
554 0.234861 0.572548 0.253668 -0.440904 0.253668
555 0.720887 0.201714 -0.94358 0.0484446 -0.94358
556 0.732098 0.200294 0.962186 0.0155798 0.962186
557 0.972734 0.492361 0.49916 -0.572385 0.49916
558 0.48467 0.654423 -0.0875045 0.94156 -0.0875045
559 0.964308 0.351798 0.66015 -0.580439 0.66015
560 0.497785 0.628608 -0.543033 1.04142 -0.543033
561 0.939533 0.321996 0.4239 -0.526638 0.4239
562 0.226111 0.574042 -0.572786 -0.478782 -0.572786
563 0.783304 0.614964 0.10764 0.0377907 0.10764
564 0.880193 0.259628 -0.1552 -0.408203 -0.1552
565 0.968549 0.295206 0.478876 -0.603464 0.478876
566 0.623931 0.828528 0.620338 0.460017 0.620338
567 0.195197 0.0427876 0.798912 -0.603491 0.798912
568 0.833353 0.393142 0.773823 -0.228474 0.773823
569 0.920023 0.283422 -1.29449 -0.491783 -1.29449
570 0.771805 0.601959 0.594868 0.0650583 0.594868
571 0.0208509 0.445567 0.609518 -1.75392 0.609518
572 0.217308 0.662574 -0.345486 -0.551493 -0.345486
573 0.212108 0.655767 -0.337798 -0.558093 -0.337798
574 0.0178167 0.829631 0.293214 -0.551299 0.293214
575 0.747222 0.990044 -0.132276 -0.18132 -0.132276
576 0.34466 0.249891 -0.719261 0.176404 -0.719261
577 0.969291 0.745186 0.788561 -0.484976 0.788561
578 0.622244 0.830015 0.465259 0.462468 0.465259
579 0.778881 0.618968 0.70609 0.0534688 0.70609
580 0.201298 0.664286 -0.683889 -0.577069 -0.683889
581 0.947818 0.292096 -0.344478 -0.554904 -0.344478
582 0.0222476 0.494033 0.644307 -1.72128 0.644307
583 0.329829 0.487068 0.259444 0.175525 0.259444
584 0.426102 0.531751 0.594221 0.700291 0.594221
585 0.386483 0.036757 0.636267 0.0415442 0.636267
586 0.940548 0.317648 0.0551633 -0.530359 0.0551633
587 0.509994 0.113525 0.279786 0.631421 0.279786
588 0.795526 0.761005 -0.505583 0.0578436 -0.505583
589 0.0577485 0.360984 -0.553906 -1.54324 -0.553906
590 0.241957 0.35088 -1.09303 -0.281056 -1.09303
591 0.723466 0.201695 0.54726 0.040464 0.54726
592 0.343505 0.264428 0.36593 0.177 0.36593
593 0.0130001 0.836601 0.803309 -0.568003 0.803309
594 0.861645 0.533821 -0.0129094 -0.236498 -0.0129094
595 0.18935 0.797562 -0.585898 -0.493698 -0.585898
596 0.210237 0.0640527 -0.821003 -0.589426 -0.821003
597 0.217386 0.652419 0.20954 -0.547219 0.20954
598 0.941357 0.989421 -0.974016 -0.630324 -0.974016
599 0.424397 0.50953 -0.566423 0.711413 -0.566423
600 0.594934 0.351686 -0.529507 0.56174 -0.529507
601 0.602946 0.585535 -0.807372 0.689593 -0.807372
602 0.18513 0.05673 0.801073 -0.608106 0.801073
603 0.0169553 0.97403 0.768653 -0.826988 0.768653
604 0.971829 0.0450952 0.389713 -0.572572 0.389713
605 0.41393 0.802342 0.382748 0.405601 0.382748
606 0.840823 0.551584 -0.697661 -0.167145 -0.697661
607 0.0164063 0.211449 -0.161551 -1.64708 -0.161551
608 0.842689 0.548043 -0.699286 -0.174343 -0.699286
609 0.413727 0.969002 -0.355194 0.365973 -0.355194
610 0.0590021 0.366702 -1.05857 -1.53268 -1.05857
611 0.0132621 0.974727 0.969239 -0.840849 0.969239
612 0.671575 0.204799 -0.930503 0.199136 -0.930503
613 0.79955 0.754859 -0.186519 0.054446 -0.186519
614 0.487929 0.644 0.416761 0.969718 0.416761
615 0.563998 0.956493 -0.907597 0.41834 -0.907597
616 0.0442842 0.217806 0.313504 -1.51488 0.313504
617 0.429601 0.805074 0.119815 0.489115 0.119815
618 0.0130775 0.476423 -0.378189 -1.78859 -0.378189
619 0.917902 0.994765 -1.16424 -0.581921 -1.16424
620 0.224595 0.0375762 0.504509 -0.606622 0.504509
621 0.291783 0.265228 0.941069 -0.0288443 0.941069
622 0.773473 0.61756 1.01009 0.0690563 1.01009
623 0.610403 0.585777 0.0666083 0.660704 0.0666083
624 0.959071 0.0485918 0.983221 -0.529289 0.983221
625 0.816135 0.778267 0.443699 -0.0327264 0.443699
626 0.0547205 0.808266 -0.619853 -0.503975 -0.619853
627 0.950217 0.285522 0.182783 -0.562324 0.182783
628 0.726138 0.188194 0.862604 0.049773 0.862604
629 0.957547 0.0507405 1.46025 -0.524707 1.46025
630 0.432535 0.363497 0.788687 0.630421 0.788687
631 0.277532 0.259092 0.765016 -0.08471 0.765016
632 0.521267 0.158852 -0.333197 0.637983 -0.333197
633 0.551197 0.978654 -0.366065 0.418271 -0.366065
634 0.544675 0.960215 -0.0580505 0.469153 -0.0580505
635 0.780923 0.396978 0.514816 -0.0887856 0.514816
636 0.53254 0.964639 -0.719153 0.497488 -0.719153
637 0.243834 0.0221284 -0.448231 -0.63558 -0.448231
638 0.304306 0.258357 0.899585 0.0207309 0.899585
639 0.552214 0.985456 -1.11971 0.403613 -1.11971
640 0.790522 0.0423048 0.461916 0.0615751 0.461916
641 0.414103 0.981867 -0.164157 0.363874 -0.164157
642 0.40498 0.992147 0.410624 0.341758 0.410624
643 0.870365 0.532222 1.09494 -0.262642 1.09494
644 0.956099 0.981372 -0.785591 -0.656857 -0.785591
645 0.424059 0.496591 0.187457 0.71529 0.187457
646 0.792714 0.592406 0.248385 -0.00314416 0.248385
647 0.28953 0.822652 -1.00348 -0.229642 -1.00348
648 0.0204699 0.97315 0.0543585 -0.81349 0.0543585
649 0.392531 0.0478439 1.07812 0.0855973 1.07812
650 0.424918 0.992946 -0.709304 0.384416 -0.709304
651 0.00996791 0.701138 -0.23576 -0.667659 -0.23576
652 0.224016 0.573608 -1.00767 -0.487265 -1.00767
653 0.0159892 0.958227 0.648886 -0.799845 0.648886
654 0.959598 0.988176 -0.154059 -0.671299 -0.154059
655 0.509138 0.156581 1.28988 0.668676 1.28988
656 0.951049 0.299545 0.923389 -0.560643 0.923389
657 0.418597 0.800164 0.558692 0.431567 0.558692
658 0.820067 0.0165012 0.0608548 -0.0125953 0.0608548
659 0.974861 0.828206 -0.79078 -0.568769 -0.79078
660 0.488152 0.139404 -0.503849 0.625928 -0.503849
661 0.431986 0.538195 1.66183 0.728466 1.66183
662 0.0355398 0.988128 1.10741 -0.785986 1.10741
663 0.560938 0.944089 0.560639 0.448639 0.560639
664 0.716559 0.991184 -0.149219 -0.0925332 -0.149219
665 0.801534 0.782864 -0.501841 0.00565444 -0.501841
666 0.331553 0.474594 0.504889 0.182108 0.504889
667 0.650052 0.412905 1.34204 0.411376 1.34204
668 0.609574 0.5804 0.390084 0.664793 0.390084
669 0.209102 0.654423 0.59356 -0.563281 0.59356
670 0.993089 0.874004 0.564884 -0.658261 0.564884
671 0.0539504 0.194841 -0.363279 -1.34543 -0.363279
672 0.776315 0.616572 0.333522 0.0598739 0.333522
673 0.0405884 0.209297 0.00835104 -1.49279 0.00835104
674 0.392738 0.0706373 -0.0382905 0.117715 -0.0382905
675 0.778275 0.750891 -0.685993 0.128767 -0.685993
676 0.470441 0.191208 -0.956177 0.602685 -0.956177
677 0.644332 0.660818 -0.25349 0.531554 -0.25349
678 0.345422 0.163562 0.124481 0.0440657 0.124481
679 0.302037 0.135066 0.184696 -0.189761 0.184696
680 0.217415 0.966934 -0.918129 -0.163229 -0.918129
681 0.175723 0.0448285 0.226494 -0.606408 0.226494
682 0.1956 0.997874 0.901203 -0.186529 0.901203
683 0.55682 0.968649 -1.05585 0.418764 -1.05585
684 0.968364 0.502748 0.635713 -0.557397 0.635713
685 0.417611 0.800713 -0.107518 0.426026 -0.107518
686 0.0110792 0.241406 -0.420534 -1.86667 -0.420534
687 0.306167 0.261826 0.366298 0.028267 0.366298
688 0.0205293 0.497874 -0.816154 -1.73029 -0.816154
689 0.606848 0.367591 0.830272 0.534127 0.830272
690 0.522239 0.161543 -0.190768 0.637237 -0.190768
691 0.22491 0.997597 0.051901 -0.0745787 0.051901
692 0.727218 0.182895 0.534726 0.0535288 0.534726
693 0.255147 0.0240854 -0.634486 -0.610706 -0.634486
694 0.429708 0.510515 -0.212101 0.741042 -0.212101
695 0.00213025 0.982938 -0.895878 -0.89662 -0.895878
696 0.0066448 0.828252 -0.424222 -0.555103 -0.424222
697 0.219822 0.38332 0.914616 -0.441067 0.914616
698 0.992477 0.014028 0.0827057 -0.640832 0.0827057
699 0.770907 0.755811 0.71075 0.144387 0.71075
700 0.289189 0.827971 -0.895616 -0.221219 -0.895616
701 0.300095 0.84577 -0.189708 -0.136316 -0.189708
702 0.0163527 0.496422 0.361589 -1.75746 0.361589
703 0.936173 0.321417 0.10925 -0.51859 0.10925
704 0.240087 0.993641 -0.855711 -0.0258461 -0.855711
705 0.798694 0.270738 -0.782406 -0.21402 -0.782406
706 0.663914 0.374274 -1.09654 0.316206 -1.09654
707 0.218048 0.984067 0.688951 -0.127492 0.688951
708 0.734959 0.996901 -0.365855 -0.156762 -0.365855
709 0.617304 0.58671 -0.574536 0.633901 -0.574536
710 0.312972 0.139674 0.123149 -0.134222 0.123149
711 0.614445 0.37377 0.577362 0.511347 0.577362
712 0.00307049 0.98335 0.134069 -0.894174 0.134069
713 0.957762 0.736597 0.882913 -0.450806 0.882913
714 0.769318 0.99093 -1.27372 -0.235552 -1.27372
715 0.970092 0.0338881 0.13037 -0.563781 0.13037
716 0.413546 0.789797 -1.14331 0.40638 -1.14331
717 0.55002 0.0231933 -1.23565 0.503755 -1.23565
718 0.0127303 0.236618 -0.543672 -1.82541 -0.543672
719 0.00530581 0.981227 -0.767343 -0.881696 -0.767343
720 0.863687 0.526095 0.2868 -0.245966 0.2868
721 0.298437 0.259931 0.327737 -0.0023494 0.327737
722 0.97381 0.360332 0.242185 -0.602605 0.242185
723 0.529814 0.96186 -0.599789 0.510319 -0.599789
724 0.498281 0.622453 -0.546481 1.04917 -0.546481
725 0.636705 0.0604216 -0.605229 0.370252 -0.605229
726 0.584001 0.406363 -1.04229 0.672349 -1.04229
727 0.609371 0.794176 0.977759 0.561939 0.977759
728 0.026611 0.494706 0.705131 -1.69329 0.705131
729 0.311508 0.833251 -0.86507 -0.102094 -0.86507
730 0.960991 0.0578289 0.824643 -0.538689 0.824643
731 0.426864 0.495783 0.738094 0.730517 0.738094
732 0.0227058 0.469733 0.926143 -1.73013 0.926143
733 0.815599 0.78301 -0.589234 -0.0380002 -0.589234
734 0.285506 0.825081 0.273935 -0.245248 0.273935
735 0.508373 0.141708 -0.450612 0.658394 -0.450612
736 0.935459 0.3204 -0.338261 -0.517144 -0.338261
737 0.672097 0.415703 0.147724 0.324285 0.147724
738 0.317042 0.138248 -0.0657405 -0.118965 -0.0657405
739 0.616716 0.59113 0.016334 0.635621 0.016334
740 0.784969 0.777671 -0.531278 0.0650153 -0.531278
741 0.973861 0.505667 0.459602 -0.572308 0.459602
742 0.0164516 0.710671 -0.525516 -0.612831 -0.525516
743 0.338174 0.244109 0.13774 0.142047 0.13774
744 0.176726 0.766307 -0.968308 -0.530066 -0.968308
745 0.343168 0.150841 0.152175 0.0144545 0.152175
746 0.265746 0.250917 1.28345 -0.129191 1.28345
747 0.556298 0.950071 -0.597067 0.452126 -0.597067
748 0.207561 0.662424 -0.514606 -0.567105 -0.514606
749 0.434896 0.539334 0.487463 0.744347 0.487463
750 0.972142 0.0463192 0.474609 -0.573946 0.474609
751 0.31083 0.262015 -0.135661 0.0467487 -0.135661
752 0.0715343 0.26329 -0.702326 -1.47867 -0.702326
753 0.521352 0.660234 0.388445 0.956671 0.388445
754 0.718799 0.212251 0.197477 0.0419459 0.197477
755 0.317278 0.836642 -0.798966 -0.0690653 -0.798966
756 0.985984 0.00282668 -1.07224 -0.615363 -1.07224
757 0.806244 0.269961 -0.904737 -0.232039 -0.904737
758 0.600389 0.362308 0.109537 0.553232 0.109537
759 0.496872 0.668669 0.0620124 1.00484 0.0620124
760 0.058559 0.365313 -1.14321 -1.53618 -1.14321
761 0.971794 0.0383259 -0.137396 -0.570858 -0.137396
762 0.421732 0.97904 0.83939 0.382716 0.83939
763 0.222453 0.983289 0.281076 -0.113344 0.281076
764 0.234486 0.362811 -0.493424 -0.335946 -0.493424
765 0.708004 0.20873 -0.230369 0.0805327 -0.230369
766 0.966497 0.0242371 -0.905246 -0.548468 -0.905246
767 0.256691 0.483149 -0.474663 -0.235293 -0.474663
768 0.975098 0.499864 0.964772 -0.577606 0.964772
769 0.67117 0.37358 -1.37975 0.286821 -1.37975
770 0.297759 0.831983 -0.522152 -0.171502 -0.522152
771 0.385968 0.0604832 0.488199 0.0721763 0.488199
772 0.961423 0.0439809 0.267732 -0.536052 0.267732
773 0.406715 0.978762 -0.69336 0.346982 -0.69336
774 0.0394987 0.990107 -0.43749 -0.774442 -0.43749
775 0.688724 0.377874 -1.01444 0.221379 -1.01444
776 0.408019 0.998765 0.933567 0.347431 0.933567
777 0.974021 0.499668 -0.352273 -0.574554 -0.352273
778 0.668391 0.407896 0.942517 0.331704 0.942517
779 0.555746 0.971741 0.612083 0.416647 0.612083
780 0.0418473 0.989202 -0.624272 -0.764485 -0.624272
781 0.639944 0.0162435 0.0924627 0.384997 0.0924627
782 0.110353 0.698878 0.820419 -0.625098 0.820419
783 0.666105 0.708257 1.04167 0.463364 1.04167
784 0.374325 0.0607105 0.0780175 0.01805 0.0780175
785 0.976822 0.0434329 0.273032 -0.589593 0.273032
786 0.799063 0.786089 -0.167749 0.00836913 -0.167749
787 0.0152934 0.644977 0.651712 -0.971449 0.651712
788 0.00578353 0.820375 -0.152976 -0.538892 -0.152976
789 0.815835 0.0143018 -0.611706 0.00536054 -0.611706
790 0.980592 0.848508 0.0596491 -0.602543 0.0596491
791 0.226605 0.572281 -0.355139 -0.475533 -0.355139
792 0.440297 0.808093 -0.674204 0.544477 -0.674204
793 0.186177 0.995326 0.523524 -0.226157 0.523524
794 0.429433 0.363568 1.01999 0.615863 1.01999
795 0.431085 0.521729 0.590733 0.738537 0.590733
796 0.41948 0.799316 -0.628209 0.436664 -0.628209
797 0.21135 0.0531067 -0.761746 -0.595493 -0.761746
798 0.962171 0.291822 -0.671307 -0.589057 -0.671307
799 0.00727578 0.466299 -0.315752 -1.83124 -0.315752
800 0.242616 0.0237594 -0.644939 -0.632017 -0.644939
801 0.315564 0.492248 0.305419 0.0958451 0.305419
802 0.0265171 0.654565 -1.02171 -0.898539 -1.02171
803 0.432148 0.528667 -0.784712 0.738247 -0.784712
804 0.622738 0.835522 0.177829 0.451576 0.177829
805 0.313346 0.13634 -0.648271 -0.138281 -0.648271
806 0.39553 0.417988 0.294328 0.495493 0.294328
807 0.64184 0.0362214 0.122317 0.372995 0.122317
808 0.25469 0.48671 0.0468885 -0.247648 0.0468885
809 0.650543 0.707376 1.10934 0.512984 1.10934
810 0.0147569 0.649591 -0.0468704 -0.947344 -0.0468704
811 0.213328 0.564246 0.960615 -0.529272 0.960615
812 0.61315 0.590874 -0.870913 0.649343 -0.870913
813 0.785795 0.60945 0.176517 0.0271553 0.176517
814 0.475394 0.163846 1.43385 0.595334 1.43385
815 0.217717 0.974455 0.317684 -0.147512 0.317684
816 0.491342 0.649525 0.670657 0.986065 0.670657
817 0.7162 0.991176 0.319028 -0.0914572 0.319028
818 0.466706 0.178985 -0.501119 0.574436 -0.501119
819 0.794343 0.797144 0.0146383 0.0058294 0.0146383
820 0.514305 0.635322 0.132552 0.998208 0.132552
821 0.207561 0.785424 0.00126614 -0.51543 0.00126614
822 0.215629 0.389995 0.812305 -0.470901 0.812305
823 0.20096 0.0367344 -0.109147 -0.604675 -0.109147
824 0.734252 0.731054 0.279448 0.257763 0.279448
825 0.666223 0.373446 -0.692675 0.30625 -0.692675
826 0.959492 0.731188 1.00522 -0.45808 1.00522
827 0.421273 0.34287 0.657211 0.558397 0.657211
828 0.423448 0.352097 0.129593 0.576931 0.129593
829 0.544921 0.959041 -1.07363 0.470436 -1.07363
830 0.803238 0.0440633 0.974767 0.0149923 0.974767
831 0.00959465 0.724131 -0.0716908 -0.538604 -0.0716908
832 0.880191 0.259911 -0.679784 -0.408078 -0.679784
833 0.0212285 0.511046 -0.464965 -1.66647 -0.464965
834 0.211872 0.562191 0.422849 -0.53525 0.422849
835 0.984457 0.961834 -0.577001 -0.70707 -0.577001
836 0.867493 0.534639 1.48514 -0.253186 1.48514
837 0.688211 0.219813 -0.337184 0.132995 -0.337184
838 0.798095 0.806144 -0.351812 -0.0193167 -0.351812
839 0.28154 0.840315 0.465691 -0.23411 0.465691
840 0.43211 0.333526 0.62424 0.598512 0.62424
841 0.549642 0.0139467 -0.639643 0.500346 -0.639643
842 0.521841 0.651195 -0.156792 0.960838 -0.156792
843 0.537695 0.0212019 -0.766333 0.519393 -0.766333
844 0.650731 0.056485 -0.731197 0.348344 -0.731197
845 0.415111 0.992081 0.289651 0.363624 0.289651
846 0.538872 0.960762 0.636814 0.485392 0.636814
847 0.779436 0.635287 -0.627068 0.0610868 -0.627068
848 0.344269 0.246516 0.654928 0.169582 0.654928
849 0.94133 0.742096 -0.732798 -0.396403 -0.732798
850 0.20848 0.782194 0.17454 -0.521416 0.17454
851 0.236368 0.351658 -1.42162 -0.319695 -1.42162
852 0.959957 0.292759 -1.35297 -0.583578 -1.35297
853 0.201753 0.776232 -0.159216 -0.529161 -0.159216
854 0.590599 0.605122 0.820913 0.7321 0.820913
855 0.791873 0.258725 -0.726858 -0.205841 -0.726858
856 0.787503 0.00236376 0.205761 0.124738 0.205761
857 0.0045655 0.814478 -0.512466 -0.52676 -0.512466
858 0.714247 0.184343 0.102033 0.0896826 0.102033
859 0.747849 0.185533 -0.430615 -0.0107102 -0.430615
860 0.808555 0.565807 0.747818 -0.0647156 0.747818
861 0.297638 0.84139 -0.0795928 -0.155514 -0.0795928
862 0.424608 0.336807 0.865573 0.567902 0.865573
863 0.32517 0.233361 -0.71951 0.0736043 -0.71951
864 0.601108 0.59316 -0.544225 0.695097 -0.544225
865 0.00517251 0.726868 -0.556482 -0.522057 -0.556482
866 0.0377815 0.234753 -0.137262 -1.64553 -0.137262
867 0.201731 0.0595872 0.0483861 -0.597784 0.0483861
868 0.00911759 0.465888 -0.785068 -1.81959 -0.785068
869 0.243125 0.360561 1.11134 -0.276223 1.11134
870 0.646042 0.415857 0.526113 0.430831 0.526113
871 0.0164009 0.482657 -0.589258 -1.76414 -0.589258
872 0.385825 0.0621211 0.658144 0.0737923 0.658144
873 0.944726 0.989736 0.496649 -0.63841 0.496649
874 0.857869 0.540817 0.497449 -0.222252 0.497449
875 0.975037 0.727947 0.489765 -0.5086 0.489765
876 0.0142552 0.500032 0.373827 -1.76873 0.373827
877 0.029945 0.979902 -1.01097 -0.792799 -1.01097
878 0.0543465 0.363014 0.175427 -1.56575 0.175427
879 0.00133184 0.229372 -0.118977 -1.85478 -0.118977
880 0.942761 0.988406 0.535572 -0.632569 0.535572
881 0.816737 0.0179492 -1.32335 -0.00211498 -1.32335
882 0.248604 0.993617 0.0512946 0.00609802 0.0512946
883 0.0165278 0.499589 0.502435 -1.75475 0.502435
884 0.0103674 0.711421 -0.876902 -0.609897 -0.876902
885 0.0297142 0.209152 0.652724 -1.55546 0.652724
886 0.543185 0.00290322 -0.496467 0.503135 -0.496467
887 0.286778 0.831496 0.173004 -0.226347 0.173004
888 0.5192 0.652595 -0.2862 0.969172 -0.2862
889 0.0171148 0.827449 -0.17404 -0.547569 -0.17404
890 0.428195 0.537304 0.41084 0.70724 0.41084
891 0.338615 0.259089 -0.294142 0.155923 -0.294142
892 0.0194014 0.216733 -0.161394 -1.66103 -0.161394
893 0.212532 0.658339 -0.250651 -0.558018 -0.250651
894 0.833403 0.412557 -0.120019 -0.21812 -0.120019
895 0.41625 0.977577 -0.951958 0.370062 -0.951958
896 0.200147 0.659527 -0.793582 -0.579292 -0.793582
897 0.502565 0.639214 -0.27546 1.03747 -0.27546
898 0.00926892 0.648475 0.963788 -0.964494 0.963788
899 0.726817 0.992962 -0.620234 -0.125929 -0.620234
900 0.531459 0.0174946 -0.397156 0.525496 -0.397156
901 0.801687 0.754754 -0.178176 0.0477767 -0.178176
902 0.334483 0.49437 -0.551555 0.203729 -0.551555
903 0.931844 0.992716 -0.776982 -0.611733 -0.776982
904 0.975273 0.705705 0.0505682 -0.516057 0.0505682
905 0.559053 0.967559 -0.701164 0.414023 -0.701164
906 0.515532 0.660008 -0.43613 0.976945 -0.43613
907 0.227711 0.0531955 -0.353424 -0.588121 -0.353424
908 0.114263 0.705128 -1.0241 -0.606799 -1.0241
909 0.497865 0.158681 -0.855074 0.685819 -0.855074
910 0.536276 0.96451 -0.330923 0.486654 -0.330923
911 0.383262 0.0292971 0.573286 0.0156657 0.573286
912 0.63404 0.0464097 -0.490946 0.380471 -0.490946
913 0.92932 0.995559 -1.05971 -0.608874 -1.05971
914 0.984782 0.740355 -1.06491 -0.536034 -1.06491
915 0.489771 0.646453 -0.84614 0.978949 -0.84614
916 0.802615 0.272178 -0.938024 -0.222253 -0.938024
917 0.643207 0.0260683 -0.148114 0.375961 -0.148114
918 0.413677 0.807462 0.141435 0.403048 0.141435
919 0.602943 0.38528 -0.418707 0.570507 -0.418707
920 0.173777 0.757742 -1.27442 -0.537779 -1.27442
921 0.866494 0.522419 0.995452 -0.255778 0.995452
922 0.979533 0.0145436 0.0855169 -0.593555 0.0855169
923 0.424279 0.529564 0.306592 0.691783 0.306592
924 0.168305 0.766078 -1.09818 -0.525083 -1.09818
925 0.627228 0.776737 -0.176828 0.53891 -0.176828
926 0.938535 0.974416 -0.687838 -0.60882 -0.687838
927 0.400415 0.979411 -0.754084 0.331946 -0.754084
928 0.982746 0.736704 -0.671052 -0.530584 -0.671052
929 0.734364 0.725171 0.117829 0.254339 0.117829
930 0.965657 0.054686 1.24924 -0.553711 1.24924
931 0.547412 0.00599681 -0.134384 0.499622 -0.134384
932 0.0125016 0.241631 -1.22798 -1.85818 -1.22798
933 0.417386 0.788688 0.281698 0.428338 0.281698
934 0.624634 0.36552 0.622495 0.4618 0.622495
935 0.777709 0.638789 -0.844799 0.0683664 -0.844799
936 0.966622 0.0471233 1.1004 -0.555003 1.1004
937 0.304334 0.133786 -0.162555 -0.181972 -0.162555
938 0.483889 0.165312 1.17716 0.632774 1.17716
939 0.757993 0.0520894 0.353905 0.160647 0.353905
940 0.668946 0.706676 1.36296 0.454035 1.36296
941 0.967218 0.516029 0.754926 -0.549952 0.754926
942 0.343447 0.257533 0.491113 0.174431 0.491113
943 0.0546772 0.201155 -0.700882 -1.37168 -0.700882
944 0.584787 0.410875 -0.125929 0.674772 -0.125929
945 0.235568 0.973814 0.130846 -0.0884996 0.130846
946 0.553031 0.982148 -0.834094 0.40686 -0.834094
947 0.59122 0.356184 -0.2714 0.581683 -0.2714
948 0.296446 0.276944 -0.278459 -0.0103824 -0.278459
949 0.460786 0.202622 -1.10596 0.575184 -1.10596
950 0.37805 0.0562415 -0.12399 0.0290837 -0.12399
951 0.00670763 0.464481 -0.313144 -1.83589 -0.313144
952 0.0199162 0.497024 0.467696 -1.73459 0.467696
953 0.966676 0.0496044 1.59392 -0.555851 1.59392
954 0.977856 0.69414 -0.404053 -0.527647 -0.404053
955 0.41564 0.98129 -1.06782 0.367613 -1.06782
956 0.98079 0.849842 -0.743061 -0.604227 -0.743061
957 0.966873 0.869348 0.179536 -0.582156 0.179536
958 0.622138 0.604586 -0.514554 0.613536 -0.514554
959 0.969434 0.512879 0.745984 -0.557335 0.745984
960 0.428328 0.511779 0.277858 0.731915 0.277858
961 0.413591 0.983727 0.776518 0.362256 0.776518
962 0.00849927 0.497258 1.02757 -1.80676 1.02757
963 0.985664 0.0271457 -0.617631 -0.617921 -0.617631
964 0.370897 0.0407215 -0.847979 -0.0271425 -0.847979
965 0.820321 0.0105902 -0.347949 -0.00687678 -0.347949
966 0.49553 0.646065 -1.0323 1.01423 -1.0323
967 0.969142 0.323701 0.914572 -0.5987 0.914572
968 0.676385 0.400252 0.688778 0.291891 0.688778
969 0.667559 0.37462 -0.526772 0.302129 -0.526772
970 0.301785 0.844597 -0.839948 -0.130406 -0.839948
971 0.666287 0.705821 0.709749 0.462419 0.709749
972 0.926389 0.994088 -0.427538 -0.600638 -0.427538
973 0.21315 0.054179 0.180385 -0.593943 0.180385
974 0.511595 0.655049 1.15649 0.994052 1.15649
975 0.990944 0.743545 -1.15496 -0.554855 -1.15496
976 0.312657 0.139184 -0.372141 -0.136427 -0.372141
977 0.418478 0.965279 0.44588 0.37927 0.44588
978 0.780055 0.786181 0.200156 0.0666992 0.200156
979 0.00844092 0.835529 0.923376 -0.569131 0.923376
980 0.791284 0.421931 -0.296421 -0.100006 -0.296421
981 0.0473726 0.989534 -1.10581 -0.744632 -1.10581
982 0.192935 0.779979 -0.359813 -0.51983 -0.359813
983 0.861089 0.525494 0.509723 -0.23869 0.509723
984 0.0147985 0.476094 -0.988315 -1.77773 -0.988315
985 0.204074 0.947041 -0.182466 -0.240267 -0.182466
986 0.724022 0.993053 0.752332 -0.117814 0.752332
987 0.633367 0.0545239 -0.174751 0.378328 -0.174751
988 0.558528 0.982457 -0.141035 0.390063 -0.141035
989 0.720827 0.990901 0.930338 -0.104676 0.930338
990 0.0284709 0.495899 -0.463424 -1.68095 -0.463424
991 0.383985 0.0371882 -0.212166 0.030213 -0.212166
992 0.304992 0.83592 -1.32746 -0.12956 -1.32746
993 0.2474 0.0168685 -0.581506 -0.647715 -0.581506
994 0.798893 0.758498 -0.468275 0.0509917 -0.468275
995 0.9619 0.0385237 0.0215491 -0.536114 0.0215491
996 0.581006 0.0446052 0.405003 0.46424 0.405003
997 0.770467 0.620118 0.181886 0.0796596 0.181886
998 0.628558 0.784358 -0.614927 0.521924 -0.614927
999 0.213307 0.660213 0.192706 -0.557224 0.192706

