200 114 -1.27474 0.70294 0.0311931
400 139 -1.01303 0.647613 -0.0188142
600 146 -0.793979 0.71725 -0.0603964
800 136 -1.00238 0.729762 0.0531466
1000 147 -0.997134 0.710075 0.0197416
1200 148 -0.573778 0.764932 0.047873
1400 147 -0.434601 0.647094 0.0829495
1600 147 -0.56042 0.617979 0.0500607
1800 167 0.0631066 0.724127 0.101859
2000 167 0.786927 0.826058 0.0147153
2200 151 0.392614 0.693449 -0.086222
2400 172 0.462429 0.725786 0.0245312
2600 176 0.499832 0.715867 -0.0631911
2800 161 0.824312 0.735399 0.0236539
3000 179 0.310102 0.724285 -0.0922442
3200 180 0.238118 0.6805 -0.0135111
3400 189 0.378668 0.789709 -0.0174616
3600 163 0.0487269 0.653558 -0.0355035
3800 157 -0.00991648 0.686552 -0.0497559
4000 188 0.180769 0.755638 0.0358122
4200 160 0.05663 0.714413 -0.0364161
4400 178 0.0409747 0.676507 -0.0253684
4600 173 -0.0976378 0.697193 0.0433431
4800 170 -0.352173 0.639758 0.0843927
5000 185 -0.113237 0.62784 0.0866983
5200 171 -0.454503 0.678236 0.129282
5400 183 -0.30115 0.623778 0.0221823
5600 183 -0.144777 0.609371 0.0827063
5800 175 0.298638 0.686861 0.0414854
6000 174 -0.0326157 0.652593 0.0443579
